    0.0000   -0.4085
    0.0333   -0.4003
    0.0667   -0.3757
    0.1000   -0.3354
    0.1333   -0.2799
    0.1667   -0.2101
    0.2000   -0.1268
    0.2333   -0.0308
    0.2667    0.0775
    0.3000    0.1980
    0.3333    0.3311
    0.3667    0.4775
    0.4000    0.6381
    0.4333    0.8142
    0.4667    1.0066
    0.5000    1.2162
    0.5333    1.4432
    0.5667    1.6872
    0.6000    1.9471
    0.6333    2.2213
    0.6667    2.5074
    0.7000    2.8026
    0.7333    3.1039
    0.7667    3.4075
    0.8000    3.7092
    0.8333    4.0035
    0.8667    4.2825
    0.9000    4.5348
    0.9333    4.7431
    0.9667    4.8841
    1.0000    4.9346
    1.0167    4.9348
    1.0333    4.9354
    1.0500    4.9364
    1.0667    4.9378
    1.0833    4.9396
    1.1000    4.9418
    1.1167    4.9444
    1.1333    4.9473
    1.1500    4.9506
    1.1667    4.9542
    1.1833    4.9581
    1.2000    4.9623
    1.2167    4.9667
    1.2333    4.9713
    1.2500    4.9760
    1.2667    4.9809
    1.2833    4.9857
    1.3000    4.9906
    1.3167    4.9954
    1.3333    5.0001
    1.3500    5.0046
    1.3667    5.0088
    1.3833    5.0127
    1.4000    5.0163
    1.4167    5.0193
    1.4333    5.0219
    1.4500    5.0240
    1.4667    5.0255
    1.4833    5.0264
    1.5000    5.0267
    1.5236    5.0191
    1.5471    4.9965
    1.5707    4.9599
    1.5943    4.9107
    1.6179    4.8508
    1.6414    4.7820
    1.6650    4.7063
    1.6886    4.6255
    1.7121    4.5415
    1.7357    4.4556
    1.7593    4.3695
    1.7828    4.2844
    1.8064    4.2013
    1.8300    4.1211
    1.8536    4.0445
    1.8771    3.9720
    1.9007    3.9040
    1.9243    3.8406
    1.9478    3.7818
    1.9714    3.7276
    1.9950    3.6781
    2.0185    3.6332
    2.0421    3.5929
    2.0657    3.5574
    2.0893    3.5268
    2.1128    3.5013
    2.1364    3.4812
    2.1600    3.4666
    2.1835    3.4578
    2.2071    3.4548
    2.2071    3.4584
    2.2444    3.4689
    2.2816    3.4861
    2.3189    3.5098
    2.3562    3.5397
    2.3934    3.5762
    2.4307    3.6199
    2.4680    3.6718
    2.5052    3.7326
    2.5425    3.8030
    2.5798    3.8829
    2.6171    3.9710
    2.6543    4.0651
    2.6916    4.1617
    2.7289    4.2561
    2.7661    4.3424
    2.8034    4.4136
    2.8407    4.4615
    2.8779    4.4779
    2.9152    4.4556
    2.9525    4.3912
    2.9897    4.2852
    3.0270    4.1426
    3.0643    3.9710
    3.1015    3.7789
    3.1388    3.5746
    3.1761    3.3652
    3.2133    3.1570
    3.2506    2.9551
    3.2879    2.7632
    3.3586    3.3220
    3.4293    3.8539
    3.5000    4.3072
    3.5707    4.6369
    3.6414    4.8314
    3.7121    4.9193
    3.7828    4.9454
    3.8536    4.9450
    3.9243    4.9380
    3.9950    4.9346
    4.0657    4.9380
    4.1364    4.9450
    4.2071    4.9454
    4.2778    4.9193
    4.3485    4.8314
    4.4192    4.6369
    4.4900    4.3072
    4.5607    3.8539
    4.6314    3.3220
    4.7021    2.7632
    4.7728    2.2148
    4.8435    1.6958
    4.9142    1.2174
    4.9849    0.7913
    5.0556    0.4287
    5.1264    0.1342
    5.1971   -0.0958
    5.2678   -0.2652
    5.3385   -0.3718
    5.4092   -0.4085
    5.4645   -0.3860
    5.5197   -0.3197
    5.5750   -0.2131
    5.6303   -0.0694
    5.6856    0.1101
    5.7409    0.3273
    5.7961    0.5854
    5.8514    0.8869
    5.9067    1.2311
    5.9620    1.6127
    6.0172    2.0240
    6.0725    2.4556
    6.1278    2.8975
    6.1831    3.3368
    6.2384    3.7532
    6.2936    4.1134
    6.3489    4.3756
    6.4042    4.5092
    6.4595    4.5173
    6.5147    4.4323
    6.5700    4.2947
    6.6253    4.1381
    6.6806    3.9855
    6.7358    3.8492
    6.7911    3.7333
    6.8464    3.6375
    6.9017    3.5607
    6.9570    3.5032
    7.0122    3.4672
    7.0675    3.4548

    0.0000   19.0142
    0.0333   18.9767
    0.0667   18.8654
    0.1000   18.6840
    0.1333   18.4384
    0.1667   18.1363
    0.2000   17.7863
    0.2333   17.3978
    0.2667   16.9802
    0.3000   16.5422
    0.3333   16.0913
    0.3667   15.6341
    0.4000   15.1750
    0.4333   14.7173
    0.4667   14.2625
    0.5000   13.8110
    0.5333   13.3622
    0.5667   12.9148
    0.6000   12.4676
    0.6333   12.0196
    0.6667   11.5704
    0.7000   11.1207
    0.7333   10.6725
    0.7667   10.2295
    0.8000    9.7973
    0.8333    9.3838
    0.8667    9.0000
    0.9000    8.6611
    0.9333    8.3879
    0.9667    8.2066
    1.0000    8.1425
    1.0167    8.1454
    1.0333    8.1543
    1.0500    8.1689
    1.0667    8.1892
    1.0833    8.2150
    1.1000    8.2460
    1.1167    8.2819
    1.1333    8.3225
    1.1500    8.3675
    1.1667    8.4165
    1.1833    8.4692
    1.2000    8.5254
    1.2167    8.5847
    1.2333    8.6470
    1.2500    8.7121
    1.2667    8.7798
    1.2833    8.8500
    1.3000    8.9229
    1.3167    8.9984
    1.3333    9.0766
    1.3500    9.1578
    1.3667    9.2420
    1.3833    9.3296
    1.4000    9.4209
    1.4167    9.5161
    1.4333    9.6155
    1.4500    9.7194
    1.4667    9.8280
    1.4833    9.9412
    1.5000   10.0462
    1.5236   10.0318
    1.5471    9.9653
    1.5707    9.8629
    1.5943    9.7382
    1.6179    9.6005
    1.6414    9.4558
    1.6650    9.3081
    1.6886    9.1598
    1.7121    9.0128
    1.7357    8.8681
    1.7593    8.7266
    1.7828    8.5890
    1.8064    8.4557
    1.8300    8.3272
    1.8536    8.2037
    1.8771    8.0855
    1.9007    7.9729
    1.9243    7.8662
    1.9478    7.7658
    1.9714    7.6719
    1.9950    7.5850
    2.0185    7.5055
    2.0421    7.4337
    2.0657    7.3703
    2.0893    7.3156
    2.1128    7.2702
    2.1364    7.2344
    2.1600    7.2085
    2.1835    7.1929
    2.2071    7.1876
    2.2071    7.2047
    2.2444    7.2553
    2.2816    7.3381
    2.3189    7.4509
    2.3562    7.5913
    2.3934    7.7564
    2.4307    7.9437
    2.4680    8.1508
    2.5052    8.3756
    2.5425    8.6163
    2.5798    8.8705
    2.6171    9.1343
    2.6543    9.3985
    2.6916    9.6349
    2.7289    9.7480
    2.7661    9.6220
    2.8034    9.3833
    2.8407    9.1542
    2.8779    8.9768
    2.9152    8.8681
    2.9525    8.8343
    2.9897    8.8734
    3.0270    8.9775
    3.0643    9.1343
    3.1015    9.3308
    3.1388    9.5537
    3.1761    9.7899
    3.2133   10.0257
    3.2506   10.2456
    3.2879   10.4368
    3.3586   10.0053
    3.4293    9.7606
    3.5000    9.7116
    3.5707    9.6751
    3.6414    9.2568
    3.7121    8.8922
    3.7828    8.5854
    3.8536    8.3477
    3.9243    8.1952
    3.9950    8.1425
    4.0657    8.1952
    4.1364    8.3477
    4.2071    8.5854
    4.2778    8.8922
    4.3485    9.2568
    4.4192    9.6751
    4.4900    9.7116
    4.5607    9.7606
    4.6314   10.0053
    4.7021   10.4368
    4.7728   11.0457
    4.8435   11.8036
    4.9142   12.6680
    4.9849   13.6100
    5.0556   14.6307
    5.1264   15.7383
    5.1971   16.8919
    5.2678   17.9583
    5.3385   18.7304
    5.4092   19.0142
    5.4645   18.8517
    5.5197   18.3875
    5.5750   17.6849
    5.6303   16.8302
    5.6856   15.9104
    5.7409   14.9941
    5.7961   14.1211
    5.8514   13.3038
    5.9067   12.5365
    5.9620   11.8087
    6.0172   11.1160
    6.0725   10.4663
    6.1278    9.8795
    6.1831    9.3840
    6.2384    9.0133
    6.2936    8.8033
    6.3489    8.7865
    6.4042    8.9756
    6.4595    9.3473
    6.5147    9.7428
    6.5700    9.3753
    6.6253    8.9636
    6.6806    8.5848
    6.7358    8.2432
    6.7911    7.9415
    6.8464    7.6831
    6.9017    7.4729
    6.9570    7.3167
    7.0122    7.2203
    7.0675    7.1876

    0.0000   19.0142
    0.0333   18.9866
    0.0667   18.9048
    0.1000   18.7721
    0.1333   18.5934
    0.1667   18.3752
    0.2000   18.1247
    0.2333   17.8497
    0.2667   17.5578
    0.3000   17.2565
    0.3333   16.9521
    0.3667   16.6503
    0.4000   16.3560
    0.4333   16.0727
    0.4667   15.8033
    0.5000   15.5495
    0.5333   15.3124
    0.5667   15.0921
    0.6000   14.8885
    0.6333   14.7007
    0.6667   14.5277
    0.7000   14.3688
    0.7333   14.2231
    0.7667   14.0906
    0.8000   13.9715
    0.8333   13.8667
    0.8667   13.7776
    0.9000   13.7059
    0.9333   13.6531
    0.9667   13.6208
    1.0000   13.6100
    1.0167   13.6032
    1.0333   13.5831
    1.0500   13.5496
    1.0667   13.5032
    1.0833   13.4440
    1.1000   13.3726
    1.1167   13.2894
    1.1333   13.1950
    1.1500   13.0903
    1.1667   12.9758
    1.1833   12.8524
    1.2000   12.7211
    1.2167   12.5827
    1.2333   12.4383
    1.2500   12.2888
    1.2667   12.1352
    1.2833   11.9787
    1.3000   11.8201
    1.3167   11.6605
    1.3333   11.5009
    1.3500   11.3421
    1.3667   11.1850
    1.3833   11.0303
    1.4000   10.8787
    1.4167   10.7309
    1.4333   10.5873
    1.4500   10.4483
    1.4667   10.3143
    1.4833   10.1857
    1.5000   10.0755
    1.5236   10.0837
    1.5471   10.1360
    1.5707   10.2260
    1.5943   10.3490
    1.6179   10.5015
    1.6414   10.6800
    1.6650   10.8813
    1.6886   11.1022
    1.7121   11.3402
    1.7357   11.5935
    1.7593   11.8607
    1.7828   12.1412
    1.8064   12.4345
    1.8300   12.7406
    1.8536   13.0595
    1.8771   13.3909
    1.9007   13.7339
    1.9243   14.0868
    1.9478   14.4469
    1.9714   14.8104
    1.9950   15.1722
    2.0185   15.5262
    2.0421   15.8651
    2.0657   16.1812
    2.0893   16.4664
    2.1128   16.7128
    2.1364   16.9131
    2.1600   17.0610
    2.1835   17.1517
    2.2071   17.1823
    2.2071   17.1086
    2.2444   16.8927
    2.2816   16.5499
    2.3189   16.1027
    2.3562   15.5783
    2.3934   15.0048
    2.4307   14.4082
    2.4680   13.8096
    2.5052   13.2246
    2.5425   12.6634
    2.5798   12.1324
    2.6171   11.6370
    2.6543   11.1867
    2.6916   10.8098
    2.7289   10.6026
    2.7661   10.6813
    2.8034   10.9182
    2.8407   11.1843
    2.8779   11.4221
    2.9152   11.5935
    2.9525   11.6821
    2.9897   11.7008
    3.0270   11.6774
    3.0643   11.6370
    3.1015   11.5981
    3.1388   11.5749
    3.1761   11.5810
    3.2133   11.6316
    3.2506   11.7443
    3.2879   11.9351
    3.3586   11.2730
    3.4293   10.6794
    3.5000   10.1482
    3.5707    9.8849
    3.6414   10.3128
    3.7121   10.9925
    3.7828   11.8472
    3.8536   12.7123
    3.9243   13.3657
    3.9950   13.6100
    4.0657   13.3657
    4.1364   12.7123
    4.2071   11.8472
    4.2778   10.9925
    4.3485   10.3128
    4.4192    9.8849
    4.4900   10.1482
    4.5607   10.6794
    4.6314   11.2730
    4.7021   11.9351
    4.7728   12.6731
    4.8435   13.4921
    4.9142   14.3864
    4.9849   15.3313
    5.0556   16.2804
    5.1264   17.1713
    5.1971   17.9381
    5.2678   18.5241
    5.3385   18.8901
    5.4092   19.0142
    5.4645   18.9522
    5.5197   18.7731
    5.5750   18.4966
    5.6303   18.1503
    5.6856   17.7637
    5.7409   17.3633
    5.7961   16.9687
    5.8514   16.5928
    5.9067   16.2430
    5.9620   15.8779
    6.0172   15.2019
    6.0725   14.5105
    6.1278   13.8272
    6.1831   13.1682
    6.2384   12.5411
    6.2936   11.9465
    6.3489   11.3816
    6.4042   10.8446
    6.4595   10.3387
    6.5147    9.9842
    6.5700   10.5365
    6.6253   11.2623
    6.6806   12.0809
    6.7358   12.9815
    6.7911   13.9393
    6.8464   14.9037
    6.9017   15.7982
    6.9570   16.5310
    7.0122   17.0136
    7.0675   17.1823

    0.0000   19.0142
    0.0333   18.9866
    0.0667   18.9048
    0.1000   18.7721
    0.1333   18.5934
    0.1667   18.3752
    0.2000   18.1247
    0.2333   17.8497
    0.2667   17.5578
    0.3000   17.2565
    0.3333   16.9521
    0.3667   16.6503
    0.4000   16.3560
    0.4333   16.0727
    0.4667   15.8033
    0.5000   15.5495
    0.5333   15.3124
    0.5667   15.0921
    0.6000   14.8885
    0.6333   14.7007
    0.6667   14.5277
    0.7000   14.3688
    0.7333   14.2231
    0.7667   14.0906
    0.8000   13.9715
    0.8333   13.8667
    0.8667   13.7776
    0.9000   13.7059
    0.9333   13.6531
    0.9667   13.6208
    1.0000   13.6100
    1.0167   13.6052
    1.0333   13.5911
    1.0500   13.5676
    1.0667   13.5351
    1.0833   13.4938
    1.1000   13.4440
    1.1167   13.3863
    1.1333   13.3212
    1.1500   13.2493
    1.1667   13.1712
    1.1833   13.0879
    1.2000   13.0000
    1.2167   12.9085
    1.2333   12.8143
    1.2500   12.7184
    1.2667   12.6219
    1.2833   12.5259
    1.3000   12.4313
    1.3167   12.3393
    1.3333   12.2510
    1.3500   12.1673
    1.3667   12.0894
    1.3833   12.0182
    1.4000   11.9545
    1.4167   11.8991
    1.4333   11.8528
    1.4500   11.8162
    1.4667   11.7897
    1.4833   11.7736
    1.5000   11.7682
    1.5236   11.8012
    1.5471   11.8949
    1.5707   12.0379
    1.5943   12.2182
    1.6179   12.4266
    1.6414   12.6563
    1.6650   12.9026
    1.6886   13.1619
    1.7121   13.4310
    1.7357   13.7071
    1.7593   13.9874
    1.7828   14.2690
    1.8064   14.5492
    1.8300   14.8251
    1.8536   15.0940
    1.8771   15.3532
    1.9007   15.6003
    1.9243   15.8332
    1.9478   16.0499
    1.9714   16.2491
    1.9950   16.4296
    2.0185   16.5907
    2.0421   16.7321
    2.0657   16.8536
    2.0893   16.9554
    2.1128   17.0379
    2.1364   17.1015
    2.1600   17.1465
    2.1835   17.1734
    2.2071   17.1823
    2.2071   17.1648
    2.2444   17.1125
    2.2816   17.0252
    2.3189   16.9034
    2.3562   16.7478
    2.3934   16.5601
    2.4307   16.3431
    2.4680   16.1006
    2.5052   15.8375
    2.5425   15.5596
    2.5798   15.2734
    2.6171   14.9855
    2.6543   14.7028
    2.6916   14.4325
    2.7289   14.1823
    2.7661   13.9616
    2.8034   13.7827
    2.8407   13.6636
    2.8779   13.6295
    2.9152   13.7071
    2.9525   13.9065
    2.9897   14.2085
    3.0270   14.5789
    3.0643   14.9855
    3.1015   15.4029
    3.1388   15.8110
    3.1761   16.1930
    3.2133   16.5347
    3.2506   16.8243
    3.2879   17.0527
    3.3586   16.4700
    3.4293   15.9207
    3.5000   15.4264
    3.5707   14.9897
    3.6414   14.6057
    3.7121   14.2725
    3.7828   13.9956
    3.8536   13.7858
    3.9243   13.6546
    3.9950   13.6100
    4.0657   13.6546
    4.1364   13.7858
    4.2071   13.9956
    4.2778   14.2725
    4.3485   14.6057
    4.4192   14.9897
    4.4900   15.4264
    4.5607   15.9207
    4.6314   16.4700
    4.7021   17.0527
    4.7728   17.6254
    4.8435   18.1326
    4.9142   18.5267
    4.9849   18.7869
    5.0556   18.9264
    5.1264   18.9832
    5.1971   18.9999
    5.2678   19.0060
    5.3385   19.0115
    5.4092   19.0142
    5.4645   18.9856
    5.5197   18.9005
    5.5750   18.7601
    5.6303   18.5635
    5.6856   18.3057
    5.7409   17.9781
    5.7961   17.5716
    5.8514   17.0815
    5.9067   16.5121
    5.9620   15.9243
    6.0172   15.6417
    6.0725   15.4014
    6.1278   15.2098
    6.1831   15.0719
    6.2384   14.9897
    6.2936   14.9613
    6.3489   14.9814
    6.4042   15.0436
    6.4595   15.1424
    6.5147   15.2746
    6.5700   15.4395
    6.6253   15.6365
    6.6806   15.8631
    6.7358   16.1125
    6.7911   16.3723
    6.8464   16.6249
    6.9017   16.8503
    6.9570   17.0286
    7.0122   17.1429
    7.0675   17.1823

