    0.0000    0.0000
    0.0333    0.6314
    0.0667    1.2600
    0.1000    1.8830
    0.1333    2.4976
    0.1667    3.1013
    0.2000    3.6916
    0.2333    4.2660
    0.2667    4.8225
    0.3000    5.3589
    0.3333    5.8735
    0.3667    6.3648
    0.4000    6.8314
    0.4333    7.2722
    0.4667    7.6863
    0.5000    8.0733
    0.5333    8.4326
    0.5667    8.7642
    0.6000    9.0680
    0.6333    9.3444
    0.6667    9.5937
    0.7000    9.8163
    0.7333   10.0130
    0.7667   10.1843
    0.8000   10.3310
    0.8333   10.4538
    0.8667   10.5532
    0.9000   10.6299
    0.9333   10.6843
    0.9667   10.7168
    1.0000   10.7276
    1.0167   10.7283
    1.0333   10.7303
    1.0500   10.7337
    1.0667   10.7385
    1.0833   10.7448
    1.1000   10.7526
    1.1167   10.7619
    1.1333   10.7728
    1.1500   10.7854
    1.1667   10.7997
    1.1833   10.8159
    1.2000   10.8340
    1.2167   10.8541
    1.2333   10.8763
    1.2500   10.9006
    1.2667   10.9271
    1.2833   10.9559
    1.3000   10.9870
    1.3167   11.0204
    1.3333   11.0562
    1.3500   11.0944
    1.3667   11.1349
    1.3833   11.1778
    1.4000   11.2230
    1.4167   11.2704
    1.4333   11.3200
    1.4500   11.3483
    1.4667   11.3567
    1.4833   11.3617
    1.5000   11.3634
    1.5236   11.3061
    1.5471   11.2048
    1.5707   11.0965
    1.5943   10.9870
    1.6179   10.8779
    1.6414   10.7700
    1.6650   10.6636
    1.6886   10.5590
    1.7121   10.4566
    1.7357   10.3566
    1.7593   10.2591
    1.7828   10.1645
    1.8064   10.0730
    1.8300    9.9848
    1.8536    9.9001
    1.8771    9.8193
    1.9007    9.7426
    1.9243    9.6702
    1.9478    9.6024
    1.9714    9.5395
    1.9950    9.4816
    2.0185    9.4292
    2.0421    9.3822
    2.0657    9.3411
    2.0893    9.3060
    2.1128    9.2770
    2.1364    9.2543
    2.1600    9.2380
    2.1835    9.2282
    2.2071    9.2249
    2.2275    9.2274
    2.2479    9.2347
    2.2683    9.2469
    2.2888    9.2637
    2.3092    9.2851
    2.3296    9.3108
    2.3500    9.3406
    2.3704    9.3742
    2.3908    9.4113
    2.4112    9.4516
    2.4316    9.4946
    2.4521    9.5401
    2.4725    9.5877
    2.4929    9.6368
    2.5133    9.6873
    2.5337    9.7385
    2.5541    9.7903
    2.5745    9.8420
    2.5949    9.8935
    2.6154    9.9443
    2.6358    9.9940
    2.6562   10.0423
    2.6766   10.0888
    2.6970   10.1332
    2.7174   10.1751
    2.7378   10.2144
    2.7582   10.2505
    2.7787   10.2833
    2.7991   10.3124
    2.8195   10.3375
    2.8548   10.2658
    2.8902   10.1889
    2.9255   10.1061
    2.9609   10.0164
    2.9963    9.9182
    3.0316    9.8098
    3.0670    9.6892
    3.1023    9.5541
    3.1377    9.4019
    3.1730    9.2302
    3.2084    9.0364
    3.2437    8.8182
    3.2791    8.5731
    3.3145    8.2994
    3.3498    7.9952
    3.3852    7.6594
    3.4205    7.2911
    3.4559    6.8898
    3.4912    6.4557
    3.5266    5.9894
    3.5619    5.4919
    3.5973    4.9647
    3.6327    4.4099
    3.6680    3.8299
    3.7034    3.2275
    3.7387    2.6059
    3.7741    1.9685
    3.8094    1.3191
    3.8448    0.6616
    3.8801    0.0000
    3.9090    0.5425
    3.9379    1.0826
    3.9667    1.6179
    3.9956    2.1461
    4.0245    2.6649
    4.0533    3.1722
    4.0822    3.6659
    4.1111    4.1441
    4.1399    4.6052
    4.1688    5.0476
    4.1977    5.4700
    4.2266    5.8712
    4.2554    6.2502
    4.2843    6.6065
    4.3132    6.9393
    4.3420    7.2485
    4.3709    7.5338
    4.3998    7.7954
    4.4286    8.0333
    4.4575    8.2479
    4.4864    8.4397
    4.5152    8.6091
    4.5441    8.7567
    4.5730    8.8831
    4.6018    8.9888
    4.6307    9.0745
    4.6596    9.1406
    4.6884    9.1876
    4.7173    9.2156
    4.7462    9.2249

    0.0000    0.0000
    0.0333    0.6314
    0.0667    1.2600
    0.1000    1.8830
    0.1333    2.4976
    0.1667    3.1013
    0.2000    3.6916
    0.2333    4.2660
    0.2667    4.8225
    0.3000    5.3589
    0.3333    5.8735
    0.3667    6.3648
    0.4000    6.8314
    0.4333    7.2722
    0.4667    7.6863
    0.5000    8.0733
    0.5333    8.4326
    0.5667    8.7642
    0.6000    9.0680
    0.6333    9.3444
    0.6667    9.5937
    0.7000    9.8163
    0.7333   10.0130
    0.7667   10.1843
    0.8000   10.3310
    0.8333   10.4538
    0.8667   10.5532
    0.9000   10.6299
    0.9333   10.6843
    0.9667   10.7168
    1.0000   10.7276
    1.0167   10.7294
    1.0333   10.7347
    1.0500   10.7436
    1.0667   10.7558
    1.0833   10.7713
    1.1000   10.7899
    1.1167   10.8113
    1.1333   10.8353
    1.1500   10.8617
    1.1667   10.8900
    1.1833   10.9201
    1.2000   10.9514
    1.2167   10.9838
    1.2333   11.0168
    1.2500   11.0501
    1.2667   11.0832
    1.2833   11.1160
    1.3000   11.1478
    1.3167   11.1786
    1.3333   11.2078
    1.3500   11.2353
    1.3667   11.2607
    1.3833   11.2838
    1.4000   11.3043
    1.4167   11.3220
    1.4333   11.3367
    1.4500   11.3716
    1.4667   11.4252
    1.4833   11.4806
    1.5000   11.5377
    1.5236   11.5320
    1.5471   11.5149
    1.5707   11.4866
    1.5943   11.4474
    1.6179   11.3974
    1.6414   11.3372
    1.6650   11.2672
    1.6886   11.1881
    1.7121   11.1005
    1.7357   11.0051
    1.7593   10.9029
    1.7828   10.7948
    1.8064   10.6818
    1.8300   10.5649
    1.8536   10.4455
    1.8771   10.3247
    1.9007   10.2037
    1.9243   10.0841
    1.9478    9.9671
    1.9714    9.8541
    1.9950    9.7466
    2.0185    9.6459
    2.0421    9.5533
    2.0657    9.4702
    2.0893    9.3976
    2.1128    9.3367
    2.1364    9.2884
    2.1600    9.2533
    2.1835    9.2320
    2.2071    9.2249
    2.2275    9.2302
    2.2479    9.2462
    2.2683    9.2727
    2.2888    9.3095
    2.3092    9.3562
    2.3296    9.4125
    2.3500    9.4779
    2.3704    9.5518
    2.3908    9.6337
    2.4112    9.7229
    2.4316    9.8188
    2.4521    9.9207
    2.4725   10.0278
    2.4929   10.1395
    2.5133   10.2551
    2.5337   10.3738
    2.5541   10.4949
    2.5745   10.6178
    2.5949   10.7416
    2.6154   10.8659
    2.6358   10.9899
    2.6562   11.1131
    2.6766   11.2347
    2.6970   11.3542
    2.7174   11.4709
    2.7378   11.5843
    2.7582   11.6937
    2.7787   11.7978
    2.7991   11.8926
    2.8195   11.9215
    2.8548   11.8598
    2.8902   11.6891
    2.9255   11.5094
    2.9609   11.3206
    2.9963   11.1227
    3.0316   10.9149
    3.0670   10.6964
    3.1023   10.4659
    3.1377   10.2217
    3.1730    9.9622
    3.2084    9.6855
    3.2437    9.3895
    3.2791    9.0725
    3.3145    8.7325
    3.3498    8.3681
    3.3852    7.9779
    3.4205    7.5608
    3.4559    7.1164
    3.4912    6.6444
    3.5266    6.1449
    3.5619    5.6188
    3.5973    5.0672
    3.6327    4.4915
    3.6680    3.8939
    3.7034    3.2766
    3.7387    2.6424
    3.7741    1.9943
    3.8094    1.3355
    3.8448    0.6696
    3.8801    0.0000
    3.9090    0.5425
    3.9379    1.0826
    3.9667    1.6179
    3.9956    2.1461
    4.0245    2.6649
    4.0533    3.1722
    4.0822    3.6659
    4.1111    4.1441
    4.1399    4.6052
    4.1688    5.0476
    4.1977    5.4700
    4.2266    5.8712
    4.2554    6.2502
    4.2843    6.6065
    4.3132    6.9393
    4.3420    7.2485
    4.3709    7.5338
    4.3998    7.7954
    4.4286    8.0333
    4.4575    8.2479
    4.4864    8.4397
    4.5152    8.6091
    4.5441    8.7567
    4.5730    8.8831
    4.6018    8.9888
    4.6307    9.0745
    4.6596    9.1406
    4.6884    9.1876
    4.7173    9.2156
    4.7462    9.2249

    0.0000    0.0000
    0.0333    0.8792
    0.0667    1.7530
    0.1000    2.6162
    0.1333    3.4634
    0.1667    4.2899
    0.2000    5.0909
    0.2333    5.8620
    0.2667    6.5994
    0.3000    7.2995
    0.3333    7.9594
    0.3667    8.5766
    0.4000    9.1492
    0.4333    9.6759
    0.4667   10.1561
    0.5000   10.5897
    0.5333   10.9773
    0.5667   11.3201
    0.6000   11.6196
    0.6333   11.8782
    0.6667   12.0984
    0.7000   12.2832
    0.7333   12.4359
    0.7667   12.5599
    0.8000   12.6587
    0.8333   12.7356
    0.8667   12.7936
    0.9000   12.8356
    0.9333   12.8639
    0.9667   12.8802
    1.0000   12.8855
    1.0167   12.8833
    1.0333   12.8769
    1.0500   12.8662
    1.0667   12.8514
    1.0833   12.8324
    1.1000   12.8093
    1.1167   12.7823
    1.1333   12.7516
    1.1500   12.7171
    1.1667   12.6792
    1.1833   12.6380
    1.2000   12.5936
    1.2167   12.5464
    1.2333   12.4964
    1.2500   12.4440
    1.2667   12.3894
    1.2833   12.3328
    1.3000   12.2745
    1.3167   12.2148
    1.3333   12.1539
    1.3500   12.0921
    1.3667   12.0296
    1.3833   11.9668
    1.4000   11.9038
    1.4167   11.8410
    1.4333   11.7786
    1.4500   11.7169
    1.4667   11.6560
    1.4833   11.5962
    1.5000   11.5377
    1.5236   11.5957
    1.5471   11.6988
    1.5707   11.8103
    1.5943   11.9242
    1.6179   12.0387
    1.6414   12.1532
    1.6650   12.2670
    1.6886   12.3798
    1.7121   12.4911
    1.7357   12.6006
    1.7593   12.7079
    1.7828   12.8126
    1.8064   12.9144
    1.8300   13.0128
    1.8536   13.1076
    1.8771   13.1982
    1.9007   13.2845
    1.9243   13.3660
    1.9478   13.4423
    1.9714   13.5132
    1.9950   13.5784
    2.0185   13.6375
    2.0421   13.6903
    2.0657   13.7366
    2.0893   13.7761
    2.1128   13.8087
    2.1364   13.8342
    2.1600   13.8525
    2.1835   13.8635
    2.2071   13.8671
    2.2275   13.8644
    2.2479   13.8561
    2.2683   13.8424
    2.2888   13.8232
    2.3092   13.7987
    2.3296   13.7689
    2.3500   13.7339
    2.3704   13.6939
    2.3908   13.6489
    2.4112   13.5992
    2.4316   13.5450
    2.4521   13.4863
    2.4725   13.4235
    2.4929   13.3567
    2.5133   13.2862
    2.5337   13.2121
    2.5541   13.1349
    2.5745   13.0546
    2.5949   12.9716
    2.6154   12.8861
    2.6358   12.7983
    2.6562   12.7086
    2.6766   12.6172
    2.6970   12.5243
    2.7174   12.4302
    2.7378   12.3352
    2.7582   12.2396
    2.7787   12.1441
    2.7991   12.0525
    2.8195   12.0210
    2.8548   12.0908
    2.8902   12.2486
    2.9255   12.3897
    2.9609   12.5087
    2.9963   12.6007
    3.0316   12.6609
    3.0670   12.6849
    3.1023   12.6686
    3.1377   12.6083
    3.1730   12.5008
    3.2084   12.3432
    3.2437   12.1331
    3.2791   11.8689
    3.3145   11.5492
    3.3498   11.1734
    3.3852   10.7412
    3.4205   10.2532
    3.4559    9.7103
    3.4912    9.1141
    3.5266    8.4669
    3.5619    7.7711
    3.5973    7.0302
    3.6327    6.2477
    3.6680    5.4278
    3.7034    4.5751
    3.7387    3.6945
    3.7741    2.7911
    3.8094    1.8704
    3.8448    0.9381
    3.8801    0.0000
    3.9090    0.7678
    3.9379    1.5329
    3.9667    2.2924
    3.9956    3.0437
    4.0245    3.7841
    4.0533    4.5111
    4.0822    5.2223
    4.1111    5.9152
    4.1399    6.5878
    4.1688    7.2380
    4.1977    7.8640
    4.2266    8.4641
    4.2554    9.0367
    4.2843    9.5806
    4.3132   10.0946
    4.3420   10.5778
    4.3709   11.0292
    4.3998   11.4483
    4.4286   11.8346
    4.4575   12.1876
    4.4864   12.5072
    4.5152   12.7930
    4.5441   13.0452
    4.5730   13.2636
    4.6018   13.4482
    4.6307   13.5991
    4.6596   13.7165
    4.6884   13.8002
    4.7173   13.8504
    4.7462   13.8671

