-5.97701	1.000
-5.97701	1.000
-5.97701	1.000
-5.95335	1.000
-5.95335	1.000
-5.95335	1.000
-5.95335	1.000
-5.95335	1.000
-5.95335	1.000
-5.94287	1.000
-5.94287	1.000
-5.94287	1.000
-5.94287	1.000
-5.94287	1.000
-5.94287	1.000
-5.94287	1.000
-5.94287	1.000
-5.94287	1.000
-5.94287	1.000
-5.94287	1.000
-5.94287	1.000
-5.94287	1.000
-5.94287	1.000
-5.94287	1.000
-5.94287	1.000
-5.94287	1.000
-5.94287	1.000
-5.94287	1.000
-5.94287	1.000
-5.94287	1.000
-5.94287	1.000
-5.94287	1.000
-5.94287	1.000
-5.91400	1.000
-5.91400	1.000
-5.91400	1.000
-5.91400	1.000
-5.91400	1.000
-5.91400	1.000
-5.91400	1.000
-5.91400	1.000
-5.91400	1.000
-5.91400	1.000
-5.91400	1.000
-5.91400	1.000
-5.90325	1.000
-5.90325	1.000
-5.90325	1.000
-5.90325	1.000
-5.90325	1.000
-5.90325	1.000
-5.90325	1.000
-5.90325	1.000
-5.90325	1.000
-5.90325	1.000
-5.90325	1.000
-5.90325	1.000
-5.90325	1.000
-5.90325	1.000
-5.90325	1.000
-5.90325	1.000
-5.90325	1.000
-5.90325	1.000
-5.90325	1.000
-5.90325	1.000
-5.90325	1.000
-5.90325	1.000
-5.90325	1.000
-5.90325	1.000
-5.89906	1.000
-5.89906	1.000
-5.89906	1.000
-5.89906	1.000
-5.89906	1.000
-5.89906	1.000
-5.89906	1.000
-5.89906	1.000
-5.89906	1.000
-5.89906	1.000
-5.89906	1.000
-5.89906	1.000
-5.89597	1.000
-5.89597	1.000
-5.89597	1.000
-5.89597	1.000
-5.89597	1.000
-5.89597	1.000
-5.89537	1.000
-5.89537	1.000
-5.89537	1.000
-5.89537	1.000
-5.89537	1.000
-5.89537	1.000
-5.89537	1.000
-5.89537	1.000
-5.89537	1.000
-5.89537	1.000
-5.89537	1.000
-5.89537	1.000
-5.89537	1.000
-5.89537	1.000
-5.89537	1.000
-5.89537	1.000
-5.89537	1.000
-5.89537	1.000
-5.89537	1.000
-5.89537	1.000
-5.89537	1.000
-5.89537	1.000
-5.89537	1.000
-5.89537	1.000
-5.88893	1.000
-5.88893	1.000
-5.88893	1.000
-5.88105	1.000
-5.88105	1.000
-5.88105	1.000
-5.88105	1.000
-5.88105	1.000
-5.88105	1.000
-5.88105	1.000
-5.88105	1.000
-5.88105	1.000
-5.88105	1.000
-5.88105	1.000
-5.88105	1.000
-5.88105	1.000
-5.88105	1.000
-5.88105	1.000
-5.88105	1.000
-5.88105	1.000
-5.88105	1.000
-5.88105	1.000
-5.88105	1.000
-5.88105	1.000
-5.88105	1.000
-5.88105	1.000
-5.88105	1.000
-5.85779	1.000
-5.85779	1.000
-5.85779	1.000
-5.85779	1.000
-5.85779	1.000
-5.85779	1.000
-5.85779	1.000
-5.85779	1.000
-5.85779	1.000
-5.85779	1.000
-5.85779	1.000
-5.85779	1.000
-5.85779	1.000
-5.85779	1.000
-5.85779	1.000
-5.85779	1.000
-5.85779	1.000
-5.85779	1.000
-5.85779	1.000
-5.85779	1.000
-5.85779	1.000
-5.85779	1.000
-5.85779	1.000
-5.85779	1.000
-5.85538	1.000
-5.85538	1.000
-5.85538	1.000
-5.85538	1.000
-5.85538	1.000
-5.85538	1.000
-5.85538	1.000
-5.85538	1.000
-5.85538	1.000
-5.85538	1.000
-5.85538	1.000
-5.85538	1.000
-5.85538	1.000
-5.85538	1.000
-5.85538	1.000
-5.85538	1.000
-5.85538	1.000
-5.85538	1.000
-5.85538	1.000
-5.85538	1.000
-5.85538	1.000
-5.85538	1.000
-5.85538	1.000
-5.85538	1.000
-5.85538	1.000
-5.85538	1.000
-5.85538	1.000
-5.85538	1.000
-5.85538	1.000
-5.85538	1.000
-5.85538	1.000
-5.85538	1.000
-5.85538	1.000
-5.85538	1.000
-5.85538	1.000
-5.85538	1.000
-5.85538	1.000
-5.85538	1.000
-5.85538	1.000
-5.85538	1.000
-5.85538	1.000
-5.85538	1.000
-5.85538	1.000
-5.85538	1.000
-5.85538	1.000
-5.85538	1.000
-5.85538	1.000
-5.85538	1.000
-5.85297	1.000
-5.85297	1.000
-5.85297	1.000
-5.85297	1.000
-5.85297	1.000
-5.85297	1.000
-5.85198	1.000
-5.85198	1.000
-5.85198	1.000
-5.85198	1.000
-5.85198	1.000
-5.85198	1.000
-5.85198	1.000
-5.85198	1.000
-5.85198	1.000
-5.85198	1.000
-5.85198	1.000
-5.85198	1.000
-5.85197	1.000
-5.85197	1.000
-5.85197	1.000
-5.85197	1.000
-5.85197	1.000
-5.85197	1.000
-5.85197	1.000
-5.85197	1.000
-5.85197	1.000
-5.85197	1.000
-5.85197	1.000
-5.85197	1.000
-5.85197	1.000
-5.85197	1.000
-5.85197	1.000
-5.85197	1.000
-5.85197	1.000
-5.85197	1.000
-5.85197	1.000
-5.85197	1.000
-5.85197	1.000
-5.85197	1.000
-5.85197	1.000
-5.85197	1.000
-5.85116	1.000
-5.85116	1.000
-5.85116	1.000
-5.85116	1.000
-5.85116	1.000
-5.85116	1.000
-5.85116	1.000
-5.85116	1.000
-5.85116	1.000
-5.85116	1.000
-5.85116	1.000
-5.85116	1.000
-5.85116	1.000
-5.85116	1.000
-5.85116	1.000
-5.85116	1.000
-5.85116	1.000
-5.85116	1.000
-5.85116	1.000
-5.85116	1.000
-5.85116	1.000
-5.85116	1.000
-5.85116	1.000
-5.85116	1.000
-5.84791	1.000
-5.84791	1.000
-5.84791	1.000
-5.84791	1.000
-5.84791	1.000
-5.84791	1.000
-5.84791	1.000
-5.84791	1.000
-5.84791	1.000
-5.84791	1.000
-5.84791	1.000
-5.84791	1.000
-5.84791	1.000
-5.84791	1.000
-5.84791	1.000
-5.84791	1.000
-5.84791	1.000
-5.84791	1.000
-5.84791	1.000
-5.84791	1.000
-5.84791	1.000
-5.84791	1.000
-5.84791	1.000
-5.84791	1.000
-5.84374	1.000
-5.84374	1.000
-5.84374	1.000
-5.84374	1.000
-5.84374	1.000
-5.84374	1.000
-5.84374	1.000
-5.84374	1.000
-5.84374	1.000
-5.84374	1.000
-5.84374	1.000
-5.84374	1.000
-5.84374	1.000
-5.84374	1.000
-5.84374	1.000
-5.84374	1.000
-5.84374	1.000
-5.84374	1.000
-5.84374	1.000
-5.84374	1.000
-5.84374	1.000
-5.84374	1.000
-5.84374	1.000
-5.84374	1.000
-5.84286	1.000
-5.84286	1.000
-5.84286	1.000
-5.84286	1.000
-5.83822	1.000
-5.83822	1.000
-5.83822	1.000
-5.83822	1.000
-5.83822	1.000
-5.83822	1.000
-5.83670	1.000
-5.83670	1.000
-5.83670	1.000
-5.83670	1.000
-5.83670	1.000
-5.83670	1.000
-5.83670	1.000
-5.83670	1.000
-5.83670	1.000
-5.83670	1.000
-5.83670	1.000
-5.83670	1.000
-5.83670	1.000
-5.83670	1.000
-5.83670	1.000
-5.83670	1.000
-5.83670	1.000
-5.83670	1.000
-5.83670	1.000
-5.83670	1.000
-5.83670	1.000
-5.83670	1.000
-5.83670	1.000
-5.83670	1.000
-5.83575	1.000
-5.83575	1.000
-5.83575	1.000
-5.83575	1.000
-5.83575	1.000
-5.83575	1.000
-5.83575	1.000
-5.83575	1.000
-5.82677	1.000
-5.82677	1.000
-5.82677	1.000
-5.82677	1.000
-5.82677	1.000
-5.82677	1.000
-5.82677	1.000
-5.82677	1.000
-5.82677	1.000
-5.82677	1.000
-5.82677	1.000
-5.82677	1.000
-5.82677	1.000
-5.82677	1.000
-5.82677	1.000
-5.82677	1.000
-5.82677	1.000
-5.82677	1.000
-5.82677	1.000
-5.82677	1.000
-5.82677	1.000
-5.82677	1.000
-5.82677	1.000
-5.82677	1.000
-5.82677	1.000
-5.82677	1.000
-5.82677	1.000
-5.82677	1.000
-5.82677	1.000
-5.82677	1.000
-5.82677	1.000
-5.82677	1.000
-5.82677	1.000
-5.82677	1.000
-5.82677	1.000
-5.82677	1.000
-5.82677	1.000
-5.82677	1.000
-5.82677	1.000
-5.82677	1.000
-5.82677	1.000
-5.82677	1.000
-5.82677	1.000
-5.82677	1.000
-5.82677	1.000
-5.82677	1.000
-5.82677	1.000
-5.82677	1.000
-5.82521	1.000
-5.82521	1.000
-5.82521	1.000
-5.82521	1.000
-5.82521	1.000
-5.82521	1.000
-5.82521	1.000
-5.82521	1.000
-5.82521	1.000
-5.82521	1.000
-5.82521	1.000
-5.82521	1.000
-5.82521	1.000
-5.82521	1.000
-5.82521	1.000
-5.82521	1.000
-5.82521	1.000
-5.82521	1.000
-5.82521	1.000
-5.82521	1.000
-5.82521	1.000
-5.82521	1.000
-5.82521	1.000
-5.82521	1.000
-5.82307	1.000
-5.82307	1.000
-5.82307	1.000
-5.82307	1.000
-5.82307	1.000
-5.82307	1.000
-5.82307	1.000
-5.82307	1.000
-5.82307	1.000
-5.82307	1.000
-5.82307	1.000
-5.82307	1.000
-5.82307	1.000
-5.82307	1.000
-5.82307	1.000
-5.82307	1.000
-5.82307	1.000
-5.82307	1.000
-5.82307	1.000
-5.82307	1.000
-5.82307	1.000
-5.82307	1.000
-5.82307	1.000
-5.82307	1.000
-5.82231	1.000
-5.82231	1.000
-5.82231	1.000
-5.82231	1.000
-5.82231	1.000
-5.82231	1.000
-5.82231	1.000
-5.82231	1.000
-5.81985	1.000
-5.81985	1.000
-5.81985	1.000
-5.81985	1.000
-5.81985	1.000
-5.81985	1.000
-5.81985	1.000
-5.81985	1.000
-5.81985	1.000
-5.81985	1.000
-5.81985	1.000
-5.81985	1.000
-5.81985	1.000
-5.81985	1.000
-5.81985	1.000
-5.81985	1.000
-5.81985	1.000
-5.81985	1.000
-5.81985	1.000
-5.81985	1.000
-5.81985	1.000
-5.81985	1.000
-5.81985	1.000
-5.81985	1.000
-5.81889	1.000
-5.81889	1.000
-5.81889	1.000
-5.81889	1.000
-5.81889	1.000
-5.81889	1.000
-5.81889	1.000
-5.81889	1.000
-5.81889	1.000
-5.81889	1.000
-5.81889	1.000
-5.81889	1.000
-5.81759	1.000
-5.81759	1.000
-5.81759	1.000
-5.81759	1.000
-5.81759	1.000
-5.81759	1.000
-5.81759	1.000
-5.81759	1.000
-5.81759	1.000
-5.81759	1.000
-5.81759	1.000
-5.81759	1.000
-5.81759	1.000
-5.81759	1.000
-5.81759	1.000
-5.81759	1.000
-5.81759	1.000
-5.81759	1.000
-5.81759	1.000
-5.81759	1.000
-5.81759	1.000
-5.81759	1.000
-5.81759	1.000
-5.81759	1.000
-5.81507	1.000
-5.81507	1.000
-5.81507	1.000
-5.81507	1.000
-5.81507	1.000
-5.81507	1.000
-5.81507	1.000
-5.81507	1.000
-5.81430	1.000
-5.81430	1.000
-5.81430	1.000
-5.81430	1.000
-5.81430	1.000
-5.81430	1.000
-5.81430	1.000
-5.81430	1.000
-5.81430	1.000
-5.81430	1.000
-5.81430	1.000
-5.81430	1.000
-5.81419	1.000
-5.81419	1.000
-5.81419	1.000
-5.81318	1.000
-5.81318	1.000
-5.81318	1.000
-5.81318	1.000
-5.81318	1.000
-5.81318	1.000
-5.81318	1.000
-5.81318	1.000
-5.81318	1.000
-5.81318	1.000
-5.81318	1.000
-5.81318	1.000
-5.81318	1.000
-5.81318	1.000
-5.81318	1.000
-5.81318	1.000
-5.81318	1.000
-5.81318	1.000
-5.81318	1.000
-5.81318	1.000
-5.81318	1.000
-5.81318	1.000
-5.81318	1.000
-5.81318	1.000
-5.80368	1.000
-5.80368	1.000
-5.80368	1.000
-5.80368	1.000
-5.80368	1.000
-5.80368	1.000
-5.80368	1.000
-5.80368	1.000
-5.80228	1.000
-5.80228	1.000
-5.80228	1.000
-5.80228	1.000
-5.80228	1.000
-5.80228	1.000
-5.80126	1.000
-5.80126	1.000
-5.80126	1.000
-5.80126	1.000
-5.80126	1.000
-5.80126	1.000
-5.80126	1.000
-5.80126	1.000
-5.80126	1.000
-5.80126	1.000
-5.80126	1.000
-5.80126	1.000
-5.80126	1.000
-5.80126	1.000
-5.80126	1.000
-5.80126	1.000
-5.80126	1.000
-5.80126	1.000
-5.80126	1.000
-5.80126	1.000
-5.80126	1.000
-5.80126	1.000
-5.80126	1.000
-5.80126	1.000
-5.79803	1.000
-5.79803	1.000
-5.79803	1.000
-5.79803	1.000
-5.79803	1.000
-5.79803	1.000
-5.79803	1.000
-5.79803	1.000
-5.79803	1.000
-5.79803	1.000
-5.79803	1.000
-5.79803	1.000
-5.79803	1.000
-5.79803	1.000
-5.79803	1.000
-5.79803	1.000
-5.79803	1.000
-5.79803	1.000
-5.79803	1.000
-5.79803	1.000
-5.79803	1.000
-5.79803	1.000
-5.79803	1.000
-5.79803	1.000
-5.79786	1.000
-5.79786	1.000
-5.79786	1.000
-5.79786	1.000
-5.79786	1.000
-5.79786	1.000
-5.79786	1.000
-5.79786	1.000
-5.79786	1.000
-5.79786	1.000
-5.79786	1.000
-5.79786	1.000
-5.79786	1.000
-5.79786	1.000
-5.79786	1.000
-5.79786	1.000
-5.79786	1.000
-5.79786	1.000
-5.79786	1.000
-5.79786	1.000
-5.79786	1.000
-5.79786	1.000
-5.79786	1.000
-5.79786	1.000
-5.79435	1.000
-5.79435	1.000
-5.79435	1.000
-5.79435	1.000
-5.79435	1.000
-5.79435	1.000
-5.79435	1.000
-5.79435	1.000
-5.79435	1.000
-5.79435	1.000
-5.79435	1.000
-5.79435	1.000
-5.79435	1.000
-5.79435	1.000
-5.79435	1.000
-5.79435	1.000
-5.79423	1.000
-5.79423	1.000
-5.79423	1.000
-5.79423	1.000
-5.79423	1.000
-5.79423	1.000
-5.79423	1.000
-5.79423	1.000
-5.79423	1.000
-5.79423	1.000
-5.79423	1.000
-5.79423	1.000
-5.79423	1.000
-5.79423	1.000
-5.79423	1.000
-5.79423	1.000
-5.79292	1.000
-5.79292	1.000
-5.79292	1.000
-5.79292	1.000
-5.79292	1.000
-5.79292	1.000
-5.79292	1.000
-5.79292	1.000
-5.79292	1.000
-5.79292	1.000
-5.79292	1.000
-5.79292	1.000
-5.79292	1.000
-5.79292	1.000
-5.79292	1.000
-5.79292	1.000
-5.79292	1.000
-5.79292	1.000
-5.79292	1.000
-5.79292	1.000
-5.79292	1.000
-5.79292	1.000
-5.79292	1.000
-5.79292	1.000
-5.79156	1.000
-5.79156	1.000
-5.79156	1.000
-5.79156	1.000
-5.79156	1.000
-5.79156	1.000
-5.79156	1.000
-5.79156	1.000
-5.79156	1.000
-5.79156	1.000
-5.79156	1.000
-5.79156	1.000
-5.79156	1.000
-5.79156	1.000
-5.79156	1.000
-5.79156	1.000
-5.79156	1.000
-5.79156	1.000
-5.79156	1.000
-5.79156	1.000
-5.79156	1.000
-5.79156	1.000
-5.79156	1.000
-5.79156	1.000
-5.79156	1.000
-5.79156	1.000
-5.79156	1.000
-5.79156	1.000
-5.79156	1.000
-5.79156	1.000
-5.79156	1.000
-5.79156	1.000
-5.79156	1.000
-5.79156	1.000
-5.79156	1.000
-5.79156	1.000
-5.79156	1.000
-5.79156	1.000
-5.79156	1.000
-5.79156	1.000
-5.79156	1.000
-5.79156	1.000
-5.79156	1.000
-5.79156	1.000
-5.79156	1.000
-5.79156	1.000
-5.79156	1.000
-5.79156	1.000
-5.78540	1.000
-5.78540	1.000
-5.78540	1.000
-5.78540	1.000
-5.78540	1.000
-5.78540	1.000
-5.78540	1.000
-5.78540	1.000
-5.78540	1.000
-5.78540	1.000
-5.78540	1.000
-5.78540	1.000
-5.78540	1.000
-5.78540	1.000
-5.78540	1.000
-5.78540	1.000
-5.78540	1.000
-5.78540	1.000
-5.78540	1.000
-5.78540	1.000
-5.78540	1.000
-5.78540	1.000
-5.78540	1.000
-5.78540	1.000
-5.78540	1.000
-5.78540	1.000
-5.78540	1.000
-5.78540	1.000
-5.78540	1.000
-5.78540	1.000
-5.78540	1.000
-5.78540	1.000
-5.78540	1.000
-5.78540	1.000
-5.78540	1.000
-5.78540	1.000
-5.78540	1.000
-5.78540	1.000
-5.78540	1.000
-5.78540	1.000
-5.78540	1.000
-5.78540	1.000
-5.78540	1.000
-5.78540	1.000
-5.78540	1.000
-5.78540	1.000
-5.78540	1.000
-5.78540	1.000
-5.78524	1.000
-5.78524	1.000
-5.78524	1.000
-5.78524	1.000
-5.78524	1.000
-5.78524	1.000
-5.78524	1.000
-5.78524	1.000
-5.78524	1.000
-5.78524	1.000
-5.78524	1.000
-5.78524	1.000
-5.78360	1.000
-5.78360	1.000
-5.78360	1.000
-5.78360	1.000
-5.78360	1.000
-5.78360	1.000
-5.78360	1.000
-5.78360	1.000
-5.78360	1.000
-5.78360	1.000
-5.78360	1.000
-5.78360	1.000
-5.78360	1.000
-5.78360	1.000
-5.78360	1.000
-5.78360	1.000
-5.78360	1.000
-5.78360	1.000
-5.78360	1.000
-5.78360	1.000
-5.78360	1.000
-5.78360	1.000
-5.78360	1.000
-5.78360	1.000
-5.77889	1.000
-5.77889	1.000
-5.77889	1.000
-5.77889	1.000
-5.77889	1.000
-5.77889	1.000
-5.77889	1.000
-5.77889	1.000
-5.77889	1.000
-5.77889	1.000
-5.77889	1.000
-5.77889	1.000
-5.77889	1.000
-5.77889	1.000
-5.77889	1.000
-5.77889	1.000
-5.77789	1.000
-5.77789	1.000
-5.77789	1.000
-5.77789	1.000
-5.77789	1.000
-5.77789	1.000
-5.77789	1.000
-5.77789	1.000
-5.77789	1.000
-5.77789	1.000
-5.77789	1.000
-5.77789	1.000
-5.77789	1.000
-5.77789	1.000
-5.77789	1.000
-5.77789	1.000
-5.77789	1.000
-5.77789	1.000
-5.77789	1.000
-5.77789	1.000
-5.77789	1.000
-5.77789	1.000
-5.77789	1.000
-5.77789	1.000
-5.77744	1.000
-5.77744	1.000
-5.77744	1.000
-5.77744	1.000
-5.77744	1.000
-5.77744	1.000
-5.77744	1.000
-5.77744	1.000
-5.77744	1.000
-5.77744	1.000
-5.77744	1.000
-5.77744	1.000
-5.77744	1.000
-5.77744	1.000
-5.77744	1.000
-5.77744	1.000
-5.77744	1.000
-5.77744	1.000
-5.77744	1.000
-5.77744	1.000
-5.77744	1.000
-5.77744	1.000
-5.77744	1.000
-5.77744	1.000
-5.77272	1.000
-5.77272	1.000
-5.77272	1.000
-5.77272	1.000
-5.77272	1.000
-5.77272	1.000
-5.77272	1.000
-5.77272	1.000
-5.77272	1.000
-5.77272	1.000
-5.77272	1.000
-5.77272	1.000
-5.77189	1.000
-5.77189	1.000
-5.77189	1.000
-5.77189	1.000
-5.77189	1.000
-5.77189	1.000
-5.77154	1.000
-5.77154	1.000
-5.77154	1.000
-5.77154	1.000
-5.77154	1.000
-5.77154	1.000
-5.77154	1.000
-5.77154	1.000
-5.77154	1.000
-5.77154	1.000
-5.77154	1.000
-5.77154	1.000
-5.77054	1.000
-5.77054	1.000
-5.77054	1.000
-5.77054	1.000
-5.77054	1.000
-5.77054	1.000
-5.77054	1.000
-5.77054	1.000
-5.77054	1.000
-5.77054	1.000
-5.77054	1.000
-5.77054	1.000
-5.77054	1.000
-5.77054	1.000
-5.77054	1.000
-5.77054	1.000
-5.77054	1.000
-5.77054	1.000
-5.77054	1.000
-5.77054	1.000
-5.77054	1.000
-5.77054	1.000
-5.77054	1.000
-5.77054	1.000
-5.76676	1.000
-5.76676	1.000
-5.76676	1.000
-5.76676	1.000
-5.76676	1.000
-5.76676	1.000
-5.76676	1.000
-5.76676	1.000
-5.76676	1.000
-5.76676	1.000
-5.76676	1.000
-5.76676	1.000
-5.76676	1.000
-5.76676	1.000
-5.76676	1.000
-5.76676	1.000
-5.76676	1.000
-5.76676	1.000
-5.76676	1.000
-5.76676	1.000
-5.76676	1.000
-5.76676	1.000
-5.76676	1.000
-5.76676	1.000
-5.76588	1.000
-5.76588	1.000
-5.76588	1.000
-5.76588	1.000
-5.76588	1.000
-5.76588	1.000
-5.76588	1.000
-5.76588	1.000
-5.76588	1.000
-5.76588	1.000
-5.76588	1.000
-5.76588	1.000
-5.76526	1.000
-5.76526	1.000
-5.76526	1.000
-5.76526	1.000
-5.76526	1.000
-5.76526	1.000
-5.76526	1.000
-5.76526	1.000
-5.76526	1.000
-5.76526	1.000
-5.76526	1.000
-5.76526	1.000
-5.76526	1.000
-5.76526	1.000
-5.76526	1.000
-5.76526	1.000
-5.76526	1.000
-5.76526	1.000
-5.76526	1.000
-5.76526	1.000
-5.76526	1.000
-5.76526	1.000
-5.76526	1.000
-5.76526	1.000
-5.76449	1.000
-5.76449	1.000
-5.76449	1.000
-5.76449	1.000
-5.76449	1.000
-5.76449	1.000
-5.76449	1.000
-5.76449	1.000
-5.76449	1.000
-5.76449	1.000
-5.76449	1.000
-5.76449	1.000
-5.75413	1.000
-5.75413	1.000
-5.75413	1.000
-5.75413	1.000
-5.75413	1.000
-5.75413	1.000
-5.75413	1.000
-5.75413	1.000
-5.75413	1.000
-5.75413	1.000
-5.75413	1.000
-5.75413	1.000
-5.75354	1.000
-5.75354	1.000
-5.75354	1.000
-5.75354	1.000
-5.75354	1.000
-5.75354	1.000
-5.75354	1.000
-5.75354	1.000
-5.75354	1.000
-5.75354	1.000
-5.75354	1.000
-5.75354	1.000
-5.75354	1.000
-5.75354	1.000
-5.75354	1.000
-5.75354	1.000
-5.75354	1.000
-5.75354	1.000
-5.75354	1.000
-5.75354	1.000
-5.75354	1.000
-5.75354	1.000
-5.75354	1.000
-5.75354	1.000
-5.75159	1.000
-5.75159	1.000
-5.75159	1.000
-5.75159	1.000
-5.75159	1.000
-5.75159	1.000
-5.75159	1.000
-5.75159	1.000
-5.75159	1.000
-5.75159	1.000
-5.75159	1.000
-5.75159	1.000
-5.75159	1.000
-5.75159	1.000
-5.75159	1.000
-5.75159	1.000
-5.75159	1.000
-5.75159	1.000
-5.75159	1.000
-5.75159	1.000
-5.75159	1.000
-5.75159	1.000
-5.75159	1.000
-5.75159	1.000
-5.74969	1.000
-5.74969	1.000
-5.74969	1.000
-5.74969	1.000
-5.74969	1.000
-5.74969	1.000
-5.74969	1.000
-5.74969	1.000
-5.74969	1.000
-5.74969	1.000
-5.74969	1.000
-5.74969	1.000
-5.74969	1.000
-5.74969	1.000
-5.74969	1.000
-5.74969	1.000
-5.74969	1.000
-5.74969	1.000
-5.74969	1.000
-5.74969	1.000
-5.74969	1.000
-5.74969	1.000
-5.74969	1.000
-5.74969	1.000
-5.74865	1.000
-5.74865	1.000
-5.74865	1.000
-5.74865	1.000
-5.74865	1.000
-5.74865	1.000
-5.74865	1.000
-5.74865	1.000
-5.74865	1.000
-5.74865	1.000
-5.74865	1.000
-5.74865	1.000
-5.74865	1.000
-5.74865	1.000
-5.74865	1.000
-5.74865	1.000
-5.74865	1.000
-5.74865	1.000
-5.74865	1.000
-5.74865	1.000
-5.74865	1.000
-5.74865	1.000
-5.74865	1.000
-5.74865	1.000
-5.74009	1.000
-5.74009	1.000
-5.74009	1.000
-5.74009	1.000
-5.74009	1.000
-5.74009	1.000
-5.74009	1.000
-5.74009	1.000
-5.74009	1.000
-5.74009	1.000
-5.74009	1.000
-5.74009	1.000
-5.74009	1.000
-5.74009	1.000
-5.74009	1.000
-5.74009	1.000
-5.74009	1.000
-5.74009	1.000
-5.74009	1.000
-5.74009	1.000
-5.74009	1.000
-5.74009	1.000
-5.74009	1.000
-5.74009	1.000
-5.72794	1.000
-5.72794	1.000
-5.72794	1.000
-5.72794	1.000
-5.72794	1.000
-5.72794	1.000
-5.72794	1.000
-5.72794	1.000
-5.72794	1.000
-5.72794	1.000
-5.72794	1.000
-5.72794	1.000
-5.72794	1.000
-5.72794	1.000
-5.72794	1.000
-5.72794	1.000
-5.72794	1.000
-5.72794	1.000
-5.72794	1.000
-5.72794	1.000
-5.72794	1.000
-5.72794	1.000
-5.72794	1.000
-5.72794	1.000
-5.70921	1.000
-5.70921	1.000
-5.70921	1.000
-5.70921	1.000
-5.70921	1.000
-5.70921	1.000
-5.70921	1.000
-5.70921	1.000
-5.70921	1.000
-5.70921	1.000
-5.70921	1.000
-5.70921	1.000
-5.70921	1.000
-5.70921	1.000
-5.70921	1.000
-5.70921	1.000
-5.70921	1.000
-5.70921	1.000
-5.70921	1.000
-5.70921	1.000
-5.70921	1.000
-5.70921	1.000
-5.70921	1.000
-5.70921	1.000
-5.70770	1.000
-5.70770	1.000
-5.70770	1.000
-5.70770	1.000
-5.70770	1.000
-5.70770	1.000
-5.70770	1.000
-5.70770	1.000
-5.70770	1.000
-5.70770	1.000
-5.70770	1.000
-5.70770	1.000
-5.70770	1.000
-5.70770	1.000
-5.70770	1.000
-5.70770	1.000
-5.70770	1.000
-5.70770	1.000
-5.70770	1.000
-5.70770	1.000
-5.70770	1.000
-5.70770	1.000
-5.70770	1.000
-5.70770	1.000
-5.70770	1.000
-5.70770	1.000
-5.70770	1.000
-5.70770	1.000
-5.70770	1.000
-5.70770	1.000
-5.70770	1.000
-5.70770	1.000
-5.70770	1.000
-5.70770	1.000
-5.70770	1.000
-5.70770	1.000
-5.70770	1.000
-5.70770	1.000
-5.70770	1.000
-5.70770	1.000
-5.70770	1.000
-5.70770	1.000
-5.70770	1.000
-5.70770	1.000
-5.70770	1.000
-5.70770	1.000
-5.70770	1.000
-5.70770	1.000
-5.70769	1.000
-5.70769	1.000
-5.70769	1.000
-5.70769	1.000
-5.70769	1.000
-5.70769	1.000
-5.70769	1.000
-5.70769	1.000
-5.70769	1.000
-5.70769	1.000
-5.70769	1.000
-5.70769	1.000
-5.70769	1.000
-5.70769	1.000
-5.70769	1.000
-5.70769	1.000
-5.70769	1.000
-5.70769	1.000
-5.70769	1.000
-5.70769	1.000
-5.70769	1.000
-5.70769	1.000
-5.70769	1.000
-5.70769	1.000
-5.70093	1.000
-5.70093	1.000
-5.70093	1.000
-5.70093	1.000
-5.70093	1.000
-5.70093	1.000
-5.69805	1.000
-5.69805	1.000
-5.69805	1.000
-5.69805	1.000
-5.69805	1.000
-5.69805	1.000
-5.69805	1.000
-5.69805	1.000
-5.69805	1.000
-5.69805	1.000
-5.69805	1.000
-5.69805	1.000
-5.69805	1.000
-5.69805	1.000
-5.69805	1.000
-5.69805	1.000
-5.69805	1.000
-5.69805	1.000
-5.69805	1.000
-5.69805	1.000
-5.69805	1.000
-5.69805	1.000
-5.69805	1.000
-5.69805	1.000
-5.69635	1.000
-5.69635	1.000
-5.69635	1.000
-5.69635	1.000
-5.69635	1.000
-5.69635	1.000
-5.69635	1.000
-5.69635	1.000
-5.69635	1.000
-5.69635	1.000
-5.69635	1.000
-5.69635	1.000
-5.69295	1.000
-5.69295	1.000
-5.69295	1.000
-5.69295	1.000
-5.69295	1.000
-5.69295	1.000
-5.69295	1.000
-5.69295	1.000
-5.69295	1.000
-5.69295	1.000
-5.69295	1.000
-5.69295	1.000
-5.69280	1.000
-5.69280	1.000
-5.69280	1.000
-5.69280	1.000
-5.69280	1.000
-5.69280	1.000
-5.69280	1.000
-5.69280	1.000
-5.69280	1.000
-5.69280	1.000
-5.69280	1.000
-5.69280	1.000
-5.69280	1.000
-5.69280	1.000
-5.69280	1.000
-5.69280	1.000
-5.69280	1.000
-5.69280	1.000
-5.69280	1.000
-5.69280	1.000
-5.69280	1.000
-5.69280	1.000
-5.69280	1.000
-5.69280	1.000
-5.68545	1.000
-5.68545	1.000
-5.68545	1.000
-5.68545	1.000
-5.68545	1.000
-5.68545	1.000
-5.68545	1.000
-5.68545	1.000
-5.68545	1.000
-5.68545	1.000
-5.68545	1.000
-5.68545	1.000
-5.68545	1.000
-5.68545	1.000
-5.68545	1.000
-5.68545	1.000
-5.68545	1.000
-5.68545	1.000
-5.68545	1.000
-5.68545	1.000
-5.68545	1.000
-5.68545	1.000
-5.68545	1.000
-5.68545	1.000
-5.67524	1.000
-5.67524	1.000
-5.67464	1.000
-5.67464	1.000
-5.67464	1.000
-5.67464	1.000
-5.67464	1.000
-5.67464	1.000
-5.67464	1.000
-5.67464	1.000
-5.67464	1.000
-5.67464	1.000
-5.67464	1.000
-5.67464	1.000
-5.67464	1.000
-5.67464	1.000
-5.67464	1.000
-5.67464	1.000
-5.67375	1.000
-5.67375	1.000
-5.67375	1.000
-5.67375	1.000
-5.67375	1.000
-5.67375	1.000
-5.67375	1.000
-5.67375	1.000
-5.67375	1.000
-5.67375	1.000
-5.67375	1.000
-5.67375	1.000
-5.67375	1.000
-5.67375	1.000
-5.67375	1.000
-5.67375	1.000
-5.67375	1.000
-5.67375	1.000
-5.67375	1.000
-5.67375	1.000
-5.67375	1.000
-5.67375	1.000
-5.67375	1.000
-5.67375	1.000
-5.67375	1.000
-5.67375	1.000
-5.67375	1.000
-5.67375	1.000
-5.67375	1.000
-5.67375	1.000
-5.67375	1.000
-5.67375	1.000
-5.67375	1.000
-5.67375	1.000
-5.67375	1.000
-5.67375	1.000
-5.67375	1.000
-5.67375	1.000
-5.67375	1.000
-5.67375	1.000
-5.67375	1.000
-5.67375	1.000
-5.67375	1.000
-5.67375	1.000
-5.67375	1.000
-5.67375	1.000
-5.67375	1.000
-5.67375	1.000
-5.67152	1.000
-5.67152	1.000
-5.67152	1.000
-5.67152	1.000
-5.67152	1.000
-5.67152	1.000
-5.67152	1.000
-5.67152	1.000
-5.67152	1.000
-5.67152	1.000
-5.67152	1.000
-5.67152	1.000
-5.67152	1.000
-5.67152	1.000
-5.67152	1.000
-5.67152	1.000
-5.67152	1.000
-5.67152	1.000
-5.67152	1.000
-5.67152	1.000
-5.67152	1.000
-5.67152	1.000
-5.67152	1.000
-5.67152	1.000
-5.66957	1.000
-5.66957	1.000
-5.66957	1.000
-5.66957	1.000
-5.66957	1.000
-5.66957	1.000
-5.66957	1.000
-5.66957	1.000
-5.66957	1.000
-5.66957	1.000
-5.66957	1.000
-5.66957	1.000
-5.66957	1.000
-5.66957	1.000
-5.66957	1.000
-5.66957	1.000
-5.66957	1.000
-5.66957	1.000
-5.66957	1.000
-5.66957	1.000
-5.66957	1.000
-5.66957	1.000
-5.66957	1.000
-5.66957	1.000
-5.66527	1.000
-5.66527	1.000
-5.66527	1.000
-5.66527	1.000
-5.66527	1.000
-5.66527	1.000
-5.66527	1.000
-5.66527	1.000
-5.66527	1.000
-5.66527	1.000
-5.66527	1.000
-5.66527	1.000
-5.65999	1.000
-5.65999	1.000
-5.65999	1.000
-5.65999	1.000
-5.65999	1.000
-5.65999	1.000
-5.65999	1.000
-5.65999	1.000
-5.65999	1.000
-5.65999	1.000
-5.65999	1.000
-5.65999	1.000
-5.65999	1.000
-5.65999	1.000
-5.65999	1.000
-5.65999	1.000
-5.65999	1.000
-5.65999	1.000
-5.65999	1.000
-5.65999	1.000
-5.65999	1.000
-5.65999	1.000
-5.65999	1.000
-5.65999	1.000
-5.65735	1.000
-5.65735	1.000
-5.65735	1.000
-5.65735	1.000
-5.65735	1.000
-5.65735	1.000
-5.65371	1.000
-5.65371	1.000
-5.65371	1.000
-5.65371	1.000
-5.65371	1.000
-5.65371	1.000
-5.65371	1.000
-5.65371	1.000
-5.65371	1.000
-5.65371	1.000
-5.65371	1.000
-5.65371	1.000
-5.65310	1.000
-5.65310	1.000
-5.65310	1.000
-5.65310	1.000
-5.65310	1.000
-5.65310	1.000
-5.65310	1.000
-5.65310	1.000
-5.65310	1.000
-5.65310	1.000
-5.65310	1.000
-5.65310	1.000
-5.65310	1.000
-5.65310	1.000
-5.65310	1.000
-5.65310	1.000
-5.65310	1.000
-5.65310	1.000
-5.65310	1.000
-5.65310	1.000
-5.65310	1.000
-5.65310	1.000
-5.65310	1.000
-5.65310	1.000
-5.64954	1.000
-5.64954	1.000
-5.64954	1.000
-5.64954	1.000
-5.64954	1.000
-5.64954	1.000
-5.64954	1.000
-5.64954	1.000
-5.64954	1.000
-5.64954	1.000
-5.64954	1.000
-5.64954	1.000
-5.64954	1.000
-5.64954	1.000
-5.64954	1.000
-5.64954	1.000
-5.64954	1.000
-5.64954	1.000
-5.64954	1.000
-5.64954	1.000
-5.64954	1.000
-5.64954	1.000
-5.64954	1.000
-5.64954	1.000
-5.64486	1.000
-5.64486	1.000
-5.64486	1.000
-5.64486	1.000
-5.64486	1.000
-5.64486	1.000
-5.64486	1.000
-5.64486	1.000
-5.64486	1.000
-5.64486	1.000
-5.64486	1.000
-5.64486	1.000
-5.64486	1.000
-5.64486	1.000
-5.64486	1.000
-5.64486	1.000
-5.64486	1.000
-5.64486	1.000
-5.64486	1.000
-5.64486	1.000
-5.64486	1.000
-5.64486	1.000
-5.64486	1.000
-5.64486	1.000
-5.64166	1.000
-5.64166	1.000
-5.64166	1.000
-5.64166	1.000
-5.64166	1.000
-5.64166	1.000
-5.64166	1.000
-5.64166	1.000
-5.64166	1.000
-5.64166	1.000
-5.64166	1.000
-5.64166	1.000
-5.64006	1.000
-5.64006	1.000
-5.64006	1.000
-5.64006	1.000
-5.64006	1.000
-5.64006	1.000
-5.64006	1.000
-5.64006	1.000
-5.64006	1.000
-5.64006	1.000
-5.64006	1.000
-5.64006	1.000
-5.64006	1.000
-5.64006	1.000
-5.64006	1.000
-5.64006	1.000
-5.64006	1.000
-5.64006	1.000
-5.64006	1.000
-5.64006	1.000
-5.64006	1.000
-5.64006	1.000
-5.64006	1.000
-5.64006	1.000
-5.63965	1.000
-5.63965	1.000
-5.63965	1.000
-5.63965	1.000
-5.63965	1.000
-5.63965	1.000
-5.63965	1.000
-5.63965	1.000
-5.63965	1.000
-5.63965	1.000
-5.63965	1.000
-5.63965	1.000
-5.63965	1.000
-5.63965	1.000
-5.63965	1.000
-5.63965	1.000
-5.63403	1.000
-5.63403	1.000
-5.63403	1.000
-5.63403	1.000
-5.63403	1.000
-5.63403	1.000
-5.63403	1.000
-5.63403	1.000
-5.63403	1.000
-5.63403	1.000
-5.63403	1.000
-5.63403	1.000
-5.63403	1.000
-5.63403	1.000
-5.63403	1.000
-5.63403	1.000
-5.63403	1.000
-5.63403	1.000
-5.63403	1.000
-5.63403	1.000
-5.63403	1.000
-5.63403	1.000
-5.63403	1.000
-5.63403	1.000
-5.63069	1.000
-5.63069	1.000
-5.63069	1.000
-5.63069	1.000
-5.63069	1.000
-5.63069	1.000
-5.63069	1.000
-5.63069	1.000
-5.63069	1.000
-5.63069	1.000
-5.63069	1.000
-5.63069	1.000
-5.63069	1.000
-5.63069	1.000
-5.63069	1.000
-5.63069	1.000
-5.63069	1.000
-5.63069	1.000
-5.63069	1.000
-5.63069	1.000
-5.63069	1.000
-5.63069	1.000
-5.63069	1.000
-5.63069	1.000
-5.62878	1.000
-5.62878	1.000
-5.62878	1.000
-5.62878	1.000
-5.62878	1.000
-5.62878	1.000
-5.62878	1.000
-5.62878	1.000
-5.62878	1.000
-5.62878	1.000
-5.62878	1.000
-5.62878	1.000
-5.62878	1.000
-5.62878	1.000
-5.62878	1.000
-5.62878	1.000
-5.62878	1.000
-5.62878	1.000
-5.62878	1.000
-5.62878	1.000
-5.62878	1.000
-5.62878	1.000
-5.62878	1.000
-5.62878	1.000
-5.62878	1.000
-5.62878	1.000
-5.62878	1.000
-5.62878	1.000
-5.62878	1.000
-5.62878	1.000
-5.62878	1.000
-5.62878	1.000
-5.62878	1.000
-5.62878	1.000
-5.62878	1.000
-5.62878	1.000
-5.62878	1.000
-5.62878	1.000
-5.62878	1.000
-5.62878	1.000
-5.62878	1.000
-5.62878	1.000
-5.62878	1.000
-5.62878	1.000
-5.62878	1.000
-5.62878	1.000
-5.62878	1.000
-5.62878	1.000
-5.62842	1.000
-5.62842	1.000
-5.62842	1.000
-5.62842	1.000
-5.62842	1.000
-5.62842	1.000
-5.62421	1.000
-5.62421	1.000
-5.62421	1.000
-5.62421	1.000
-5.62421	1.000
-5.62421	1.000
-5.62421	1.000
-5.62421	1.000
-5.62421	1.000
-5.62421	1.000
-5.62421	1.000
-5.62421	1.000
-5.62421	1.000
-5.62421	1.000
-5.62421	1.000
-5.62421	1.000
-5.62421	1.000
-5.62421	1.000
-5.62421	1.000
-5.62421	1.000
-5.62421	1.000
-5.62421	1.000
-5.62421	1.000
-5.62421	1.000
-5.62372	1.000
-5.62372	1.000
-5.62372	1.000
-5.62372	1.000
-5.62372	1.000
-5.62372	1.000
-5.62372	1.000
-5.62372	1.000
-5.62372	1.000
-5.62372	1.000
-5.62372	1.000
-5.62372	1.000
-5.62372	1.000
-5.62372	1.000
-5.62372	1.000
-5.62372	1.000
-5.62372	1.000
-5.62372	1.000
-5.62372	1.000
-5.62372	1.000
-5.62372	1.000
-5.62372	1.000
-5.62372	1.000
-5.62372	1.000
-5.62164	1.000
-5.62164	1.000
-5.62164	1.000
-5.62164	1.000
-5.62164	1.000
-5.62164	1.000
-5.62164	1.000
-5.62164	1.000
-5.62164	1.000
-5.62164	1.000
-5.62164	1.000
-5.62164	1.000
-5.62164	1.000
-5.62164	1.000
-5.62164	1.000
-5.62164	1.000
-5.62164	1.000
-5.62164	1.000
-5.62164	1.000
-5.62164	1.000
-5.62164	1.000
-5.62164	1.000
-5.62164	1.000
-5.62164	1.000
-5.61401	1.000
-5.61401	1.000
-5.61401	1.000
-5.61401	1.000
-5.61401	1.000
-5.61401	1.000
-5.61401	1.000
-5.61401	1.000
-5.61401	1.000
-5.61401	1.000
-5.61401	1.000
-5.61401	1.000
-5.61401	1.000
-5.61401	1.000
-5.61401	1.000
-5.61401	1.000
-5.61401	1.000
-5.61401	1.000
-5.61401	1.000
-5.61401	1.000
-5.61401	1.000
-5.61401	1.000
-5.61401	1.000
-5.61401	1.000
-5.61401	1.000
-5.61401	1.000
-5.61401	1.000
-5.61401	1.000
-5.61401	1.000
-5.61401	1.000
-5.61401	1.000
-5.61401	1.000
-5.61401	1.000
-5.61401	1.000
-5.61401	1.000
-5.61401	1.000
-5.61401	1.000
-5.61401	1.000
-5.61401	1.000
-5.61401	1.000
-5.61401	1.000
-5.61401	1.000
-5.61401	1.000
-5.61401	1.000
-5.61401	1.000
-5.61401	1.000
-5.61401	1.000
-5.61401	1.000
-5.61396	1.000
-5.61396	1.000
-5.61396	1.000
-5.61396	1.000
-5.61396	1.000
-5.61396	1.000
-5.61073	1.000
-5.61073	1.000
-5.61073	1.000
-5.61073	1.000
-5.61073	1.000
-5.61073	1.000
-5.61073	1.000
-5.61073	1.000
-5.61073	1.000
-5.61073	1.000
-5.61073	1.000
-5.61073	1.000
-5.60756	1.000
-5.60756	1.000
-5.60756	1.000
-5.60756	1.000
-5.60756	1.000
-5.60756	1.000
-5.60756	1.000
-5.60756	1.000
-5.60756	1.000
-5.60756	1.000
-5.60756	1.000
-5.60756	1.000
-5.60702	1.000
-5.60702	1.000
-5.60702	1.000
-5.60702	1.000
-5.60702	1.000
-5.60702	1.000
-5.60702	1.000
-5.60702	1.000
-5.60702	1.000
-5.60702	1.000
-5.60702	1.000
-5.60702	1.000
-5.59581	1.000
-5.59581	1.000
-5.59581	1.000
-5.59581	1.000
-5.59581	1.000
-5.59581	1.000
-5.59581	1.000
-5.59581	1.000
-5.59581	1.000
-5.59581	1.000
-5.59581	1.000
-5.59581	1.000
-5.59581	1.000
-5.59581	1.000
-5.59581	1.000
-5.59581	1.000
-5.59581	1.000
-5.59581	1.000
-5.59581	1.000
-5.59581	1.000
-5.59581	1.000
-5.59581	1.000
-5.59581	1.000
-5.59581	1.000
-5.58946	1.000
-5.58946	1.000
-5.58946	1.000
-5.58946	1.000
-5.58946	1.000
-5.58946	1.000
-5.58946	1.000
-5.58946	1.000
-5.58946	1.000
-5.58946	1.000
-5.58946	1.000
-5.58946	1.000
-5.58946	1.000
-5.58946	1.000
-5.58946	1.000
-5.58946	1.000
-5.58946	1.000
-5.58946	1.000
-5.58946	1.000
-5.58946	1.000
-5.58946	1.000
-5.58946	1.000
-5.58946	1.000
-5.58946	1.000
-5.58627	1.000
-5.58627	1.000
-5.58627	1.000
-5.58627	1.000
-5.58627	1.000
-5.58627	1.000
-5.58627	1.000
-5.58627	1.000
-5.58627	1.000
-5.58627	1.000
-5.58627	1.000
-5.58627	1.000
-5.58627	1.000
-5.58627	1.000
-5.58627	1.000
-5.58627	1.000
-5.58627	1.000
-5.58627	1.000
-5.58627	1.000
-5.58627	1.000
-5.58627	1.000
-5.58627	1.000
-5.58627	1.000
-5.58627	1.000
-5.58389	1.000
-5.58389	1.000
-5.58389	1.000
-5.58389	1.000
-5.58389	1.000
-5.58389	1.000
-5.58389	1.000
-5.58389	1.000
-5.58389	1.000
-5.58389	1.000
-5.58389	1.000
-5.58389	1.000
-5.58185	1.000
-5.58185	1.000
-5.58185	1.000
-5.58185	1.000
-5.58185	1.000
-5.58185	1.000
-5.58185	1.000
-5.58185	1.000
-5.58185	1.000
-5.58185	1.000
-5.58185	1.000
-5.58185	1.000
-5.58055	1.000
-5.58055	1.000
-5.58055	1.000
-5.58055	1.000
-5.58055	1.000
-5.58055	1.000
-5.58055	1.000
-5.58055	1.000
-5.58055	1.000
-5.58055	1.000
-5.58055	1.000
-5.58055	1.000
-5.58055	1.000
-5.58055	1.000
-5.58055	1.000
-5.58055	1.000
-5.58055	1.000
-5.58055	1.000
-5.58055	1.000
-5.58055	1.000
-5.58055	1.000
-5.58055	1.000
-5.58055	1.000
-5.58055	1.000
-5.57878	1.000
-5.57878	1.000
-5.57878	1.000
-5.57878	1.000
-5.57878	1.000
-5.57878	1.000
-5.57878	1.000
-5.57878	1.000
-5.57878	1.000
-5.57878	1.000
-5.57878	1.000
-5.57878	1.000
-5.57878	1.000
-5.57878	1.000
-5.57878	1.000
-5.57878	1.000
-5.57878	1.000
-5.57878	1.000
-5.57878	1.000
-5.57878	1.000
-5.57878	1.000
-5.57878	1.000
-5.57878	1.000
-5.57878	1.000
-5.57488	1.000
-5.57488	1.000
-5.57488	1.000
-5.57488	1.000
-5.57488	1.000
-5.57488	1.000
-5.57488	1.000
-5.57488	1.000
-5.57488	1.000
-5.57488	1.000
-5.57488	1.000
-5.57488	1.000
-5.57488	1.000
-5.57488	1.000
-5.57488	1.000
-5.57488	1.000
-5.57488	1.000
-5.57488	1.000
-5.57488	1.000
-5.57488	1.000
-5.57488	1.000
-5.57488	1.000
-5.57488	1.000
-5.57488	1.000
-5.57224	1.000
-5.57224	1.000
-5.57224	1.000
-5.57224	1.000
-5.57224	1.000
-5.57224	1.000
-5.57224	1.000
-5.57224	1.000
-5.57224	1.000
-5.57224	1.000
-5.57224	1.000
-5.57224	1.000
-5.57224	1.000
-5.57224	1.000
-5.57224	1.000
-5.57224	1.000
-5.57027	1.000
-5.57027	1.000
-5.57027	1.000
-5.57027	1.000
-5.57027	1.000
-5.57027	1.000
-5.56895	1.000
-5.56895	1.000
-5.56895	1.000
-5.56895	1.000
-5.56895	1.000
-5.56895	1.000
-5.56895	1.000
-5.56895	1.000
-5.56895	1.000
-5.56895	1.000
-5.56895	1.000
-5.56895	1.000
-5.56895	1.000
-5.56895	1.000
-5.56895	1.000
-5.56895	1.000
-5.56895	1.000
-5.56895	1.000
-5.56895	1.000
-5.56895	1.000
-5.56895	1.000
-5.56895	1.000
-5.56895	1.000
-5.56895	1.000
-5.56408	1.000
-5.56408	1.000
-5.56408	1.000
-5.56408	1.000
-5.56408	1.000
-5.56408	1.000
-5.56408	1.000
-5.56408	1.000
-5.56408	1.000
-5.56408	1.000
-5.56408	1.000
-5.56408	1.000
-5.56408	1.000
-5.56408	1.000
-5.56408	1.000
-5.56408	1.000
-5.56408	1.000
-5.56408	1.000
-5.56408	1.000
-5.56408	1.000
-5.56408	1.000
-5.56408	1.000
-5.56408	1.000
-5.56408	1.000
-5.56408	1.000
-5.56408	1.000
-5.56408	1.000
-5.56408	1.000
-5.56408	1.000
-5.56408	1.000
-5.56408	1.000
-5.56408	1.000
-5.56408	1.000
-5.56408	1.000
-5.56408	1.000
-5.56408	1.000
-5.56408	1.000
-5.56408	1.000
-5.56408	1.000
-5.56408	1.000
-5.56408	1.000
-5.56408	1.000
-5.56408	1.000
-5.56408	1.000
-5.56408	1.000
-5.56408	1.000
-5.56408	1.000
-5.56408	1.000
-5.56337	1.000
-5.56337	1.000
-5.56337	1.000
-5.56337	1.000
-5.56337	1.000
-5.56337	1.000
-5.56337	1.000
-5.56337	1.000
-5.56337	1.000
-5.56337	1.000
-5.56337	1.000
-5.56337	1.000
-5.56337	1.000
-5.56337	1.000
-5.56337	1.000
-5.56337	1.000
-5.56337	1.000
-5.56337	1.000
-5.56337	1.000
-5.56337	1.000
-5.56337	1.000
-5.56337	1.000
-5.56337	1.000
-5.56337	1.000
-5.55958	1.000
-5.55958	1.000
-5.55958	1.000
-5.55958	1.000
-5.55958	1.000
-5.55958	1.000
-5.55958	1.000
-5.55958	1.000
-5.55958	1.000
-5.55958	1.000
-5.55958	1.000
-5.55958	1.000
-5.55958	1.000
-5.55958	1.000
-5.55958	1.000
-5.55958	1.000
-5.55958	1.000
-5.55958	1.000
-5.55958	1.000
-5.55958	1.000
-5.55958	1.000
-5.55958	1.000
-5.55958	1.000
-5.55958	1.000
-5.55912	1.000
-5.55912	1.000
-5.55912	1.000
-5.55912	1.000
-5.55912	1.000
-5.55912	1.000
-5.55912	1.000
-5.55912	1.000
-5.55912	1.000
-5.55912	1.000
-5.55912	1.000
-5.55912	1.000
-5.55912	1.000
-5.55912	1.000
-5.55912	1.000
-5.55912	1.000
-5.55912	1.000
-5.55912	1.000
-5.55912	1.000
-5.55912	1.000
-5.55912	1.000
-5.55912	1.000
-5.55912	1.000
-5.55912	1.000
-5.55863	1.000
-5.55863	1.000
-5.55863	1.000
-5.55863	1.000
-5.55863	1.000
-5.55863	1.000
-5.55863	1.000
-5.55863	1.000
-5.55863	1.000
-5.55863	1.000
-5.55863	1.000
-5.55863	1.000
-5.55863	1.000
-5.55863	1.000
-5.55863	1.000
-5.55863	1.000
-5.55863	1.000
-5.55863	1.000
-5.55863	1.000
-5.55863	1.000
-5.55863	1.000
-5.55863	1.000
-5.55863	1.000
-5.55863	1.000
-5.55564	1.000
-5.55564	1.000
-5.55564	1.000
-5.55564	1.000
-5.55564	1.000
-5.55564	1.000
-5.55564	1.000
-5.55564	1.000
-5.55564	1.000
-5.55564	1.000
-5.55564	1.000
-5.55564	1.000
-5.55564	1.000
-5.55564	1.000
-5.55564	1.000
-5.55564	1.000
-5.55564	1.000
-5.55564	1.000
-5.55564	1.000
-5.55564	1.000
-5.55564	1.000
-5.55564	1.000
-5.55564	1.000
-5.55564	1.000
-5.55401	1.000
-5.55401	1.000
-5.55401	1.000
-5.55401	1.000
-5.55401	1.000
-5.55401	1.000
-5.55401	1.000
-5.55401	1.000
-5.55401	1.000
-5.55401	1.000
-5.55401	1.000
-5.55401	1.000
-5.55209	1.000
-5.55209	1.000
-5.55209	1.000
-5.54810	1.000
-5.54810	1.000
-5.54810	1.000
-5.54810	1.000
-5.54810	1.000
-5.54810	1.000
-5.54810	1.000
-5.54810	1.000
-5.54810	1.000
-5.54810	1.000
-5.54810	1.000
-5.54810	1.000
-5.54776	1.000
-5.54776	1.000
-5.54776	1.000
-5.54776	1.000
-5.54776	1.000
-5.54776	1.000
-5.54776	1.000
-5.54776	1.000
-5.54776	1.000
-5.54776	1.000
-5.54776	1.000
-5.54776	1.000
-5.54776	1.000
-5.54776	1.000
-5.54776	1.000
-5.54776	1.000
-5.54776	1.000
-5.54776	1.000
-5.54776	1.000
-5.54776	1.000
-5.54776	1.000
-5.54776	1.000
-5.54776	1.000
-5.54776	1.000
-5.54589	1.000
-5.54589	1.000
-5.54589	1.000
-5.54589	1.000
-5.54589	1.000
-5.54589	1.000
-5.54589	1.000
-5.54589	1.000
-5.54589	1.000
-5.54589	1.000
-5.54589	1.000
-5.54589	1.000
-5.54589	1.000
-5.54589	1.000
-5.54589	1.000
-5.54589	1.000
-5.54589	1.000
-5.54589	1.000
-5.54589	1.000
-5.54589	1.000
-5.54589	1.000
-5.54589	1.000
-5.54589	1.000
-5.54589	1.000
-5.54073	1.000
-5.54073	1.000
-5.54073	1.000
-5.54073	1.000
-5.54073	1.000
-5.54073	1.000
-5.54073	1.000
-5.54073	1.000
-5.53854	1.000
-5.53854	1.000
-5.53854	1.000
-5.53854	1.000
-5.53854	1.000
-5.53854	1.000
-5.53854	1.000
-5.53854	1.000
-5.53854	1.000
-5.53854	1.000
-5.53854	1.000
-5.53854	1.000
-5.53854	1.000
-5.53854	1.000
-5.53854	1.000
-5.53854	1.000
-5.53854	1.000
-5.53854	1.000
-5.53854	1.000
-5.53854	1.000
-5.53854	1.000
-5.53854	1.000
-5.53854	1.000
-5.53854	1.000
-5.53248	1.000
-5.53248	1.000
-5.53248	1.000
-5.53248	1.000
-5.53248	1.000
-5.53248	1.000
-5.53248	1.000
-5.53248	1.000
-5.53248	1.000
-5.53248	1.000
-5.53248	1.000
-5.53248	1.000
-5.53248	1.000
-5.53248	1.000
-5.53248	1.000
-5.53248	1.000
-5.53248	1.000
-5.53248	1.000
-5.53248	1.000
-5.53248	1.000
-5.53248	1.000
-5.53248	1.000
-5.53248	1.000
-5.53248	1.000
-5.52837	1.000
-5.52837	1.000
-5.52837	1.000
-5.52837	1.000
-5.52837	1.000
-5.52837	1.000
-5.52837	1.000
-5.52837	1.000
-5.52837	1.000
-5.52837	1.000
-5.52837	1.000
-5.52837	1.000
-5.52837	1.000
-5.52837	1.000
-5.52837	1.000
-5.52837	1.000
-5.52837	1.000
-5.52837	1.000
-5.52837	1.000
-5.52837	1.000
-5.52837	1.000
-5.52837	1.000
-5.52837	1.000
-5.52837	1.000
-5.52837	1.000
-5.52837	1.000
-5.52837	1.000
-5.52837	1.000
-5.52837	1.000
-5.52837	1.000
-5.52837	1.000
-5.52837	1.000
-5.52837	1.000
-5.52837	1.000
-5.52837	1.000
-5.52837	1.000
-5.52837	1.000
-5.52837	1.000
-5.52837	1.000
-5.52837	1.000
-5.52837	1.000
-5.52837	1.000
-5.52837	1.000
-5.52837	1.000
-5.52837	1.000
-5.52837	1.000
-5.52837	1.000
-5.52837	1.000
-5.52109	1.000
-5.52109	1.000
-5.52109	1.000
-5.52109	1.000
-5.52109	1.000
-5.52109	1.000
-5.52109	1.000
-5.52109	1.000
-5.52109	1.000
-5.52109	1.000
-5.52109	1.000
-5.52109	1.000
-5.52109	1.000
-5.52109	1.000
-5.52109	1.000
-5.52109	1.000
-5.52109	1.000
-5.52109	1.000
-5.52109	1.000
-5.52109	1.000
-5.52109	1.000
-5.52109	1.000
-5.52109	1.000
-5.52109	1.000
-5.50635	1.000
-5.50635	1.000
-5.50635	1.000
-5.50635	1.000
-5.50635	1.000
-5.50635	1.000
-5.50633	1.000
-5.50633	1.000
-5.50633	1.000
-5.50633	1.000
-5.50633	1.000
-5.50633	1.000
-5.50633	1.000
-5.50633	1.000
-5.50633	1.000
-5.50633	1.000
-5.50633	1.000
-5.50633	1.000
-5.50631	1.000
-5.50631	1.000
-5.50631	1.000
-5.50631	1.000
-5.50631	1.000
-5.50631	1.000
-0.49675	0.999
-0.19622	0.999
-0.19622	0.999
-0.19622	0.999
-0.19622	0.999
-0.19622	0.999
-0.19622	0.999
-0.19622	0.999
-0.19622	0.999
-0.09626	0.999
-0.09626	0.999
-0.09626	0.999
-0.09626	0.999
-0.09626	0.999
-0.09626	0.999
0.30366	0.999
0.30366	0.999
0.30366	0.999
0.30366	0.999
0.30366	0.999
0.30366	0.999
0.30366	0.999
0.30366	0.999
0.30366	0.999
0.30366	0.999
0.30366	0.999
0.30366	0.999
0.60203	0.999
0.60203	0.999
0.60203	0.999
0.60203	0.999
0.60203	0.999
0.60203	0.999
0.60203	0.999
0.60203	0.999
0.60203	0.999
0.60203	0.999
0.60203	0.999
0.60203	0.999
0.60203	0.999
0.60203	0.999
0.60203	0.999
0.60203	0.999
0.60203	0.999
0.60203	0.999
0.60203	0.999
0.60203	0.999
0.60203	0.999
0.60203	0.999
0.60203	0.999
0.60203	0.999
0.70011	0.999
0.70011	0.999
0.70011	0.999
0.70011	0.999
0.70011	0.999
0.70011	0.999
0.70011	0.999
0.70011	0.999
1.09759	0.999
1.09759	0.999
1.09759	0.999
1.09759	0.999
1.09759	0.999
1.09759	0.999
1.37724	0.999
1.37724	0.999
1.37724	0.999
1.37724	0.999
1.37724	0.999
1.37724	0.999
1.37724	0.999
1.37724	0.999
1.37724	0.999
1.37724	0.999
1.37724	0.999
1.37724	0.999
1.37724	0.999
1.37724	0.999
1.37724	0.999
1.37724	0.999
1.37724	0.999
1.37724	0.999
1.37724	0.999
1.37724	0.999
1.37724	0.999
1.37724	0.999
1.37724	0.999
1.37724	0.999
1.47856	0.999
1.47856	0.999
1.47856	0.999
1.47856	0.999
1.47856	0.999
1.47856	0.999
1.47856	0.999
1.47856	0.999
1.47856	0.999
1.47856	0.999
1.47856	0.999
1.47856	0.999
1.47856	0.999
1.47856	0.999
1.47856	0.999
1.47856	0.999
1.47856	0.999
1.47856	0.999
1.47856	0.999
1.47856	0.999
1.47856	0.999
1.47856	0.999
1.47856	0.999
1.47856	0.999
1.84305	0.999
1.84305	0.999
1.84305	0.999
1.84305	0.999
1.84305	0.999
1.84305	0.999
1.84305	0.999
1.84305	0.999
1.84305	0.999
1.84305	0.999
1.84305	0.999
1.84305	0.999
1.84305	0.999
1.84305	0.999
1.84305	0.999
1.84305	0.999
1.84305	0.999
1.84305	0.999
1.84305	0.999
1.84305	0.999
1.84305	0.999
1.84305	0.999
1.84305	0.999
1.84305	0.999
2.09008	0.999
2.09008	0.999
2.09008	0.999
2.09008	0.999
2.09008	0.999
2.09008	0.999
2.09008	0.999
2.09008	0.999
2.14626	0.999
2.14626	0.999
2.14626	0.999
2.14626	0.999
2.14626	0.999
2.14626	0.999
2.14626	0.999
2.14626	0.999
2.14626	0.999
2.14626	0.999
2.14626	0.999
2.14626	0.999
2.14626	0.999
2.14626	0.999
2.14626	0.999
2.14626	0.999
2.14626	0.999
2.14626	0.999
2.14626	0.999
2.14626	0.999
2.14626	0.999
2.14626	0.999
2.14626	0.999
2.14626	0.999
2.54232	0.999
2.54232	0.999
2.54232	0.999
2.54232	0.999
2.54232	0.999
2.54232	0.999
2.54232	0.999
2.54232	0.999
2.54232	0.999
2.54232	0.999
2.54232	0.999
2.54232	0.999
2.79315	0.999
2.79315	0.999
2.79315	0.999
2.79315	0.999
2.79315	0.999
2.79315	0.999
2.79315	0.999
2.79315	0.999
2.79315	0.999
2.79315	0.999
2.79315	0.999
2.79315	0.999
2.79315	0.999
2.79315	0.999
2.79315	0.999
2.79315	0.999
2.79315	0.999
2.79315	0.999
2.79315	0.999
2.79315	0.999
2.79315	0.999
2.79315	0.999
2.79315	0.999
2.79315	0.999
2.79315	0.999
2.79315	0.999
2.79315	0.999
2.79315	0.999
2.79315	0.999
2.79315	0.999
2.79315	0.999
2.79315	0.999
2.79315	0.999
2.79315	0.999
2.79315	0.999
2.79315	0.999
2.79315	0.999
2.79315	0.999
2.79315	0.999
2.79315	0.999
2.79315	0.999
2.79315	0.999
2.79315	0.999
2.79315	0.999
2.79315	0.999
2.79315	0.999
2.79315	0.999
2.79315	0.999
2.79818	0.998
2.79818	0.998
2.79818	0.998
2.79818	0.998
2.79818	0.998
2.79818	0.998
2.79818	0.998
2.79818	0.998
2.79818	0.998
2.79818	0.998
2.79818	0.998
2.79818	0.998
2.79818	0.998
2.79818	0.998
2.79818	0.998
2.79818	0.998
2.79818	0.998
2.79818	0.998
2.79818	0.998
2.79818	0.998
2.79818	0.998
2.79818	0.998
2.79818	0.998
2.79818	0.998
2.97971	0.999
2.97971	0.999
2.97971	0.999
2.97971	0.999
2.97971	0.999
2.97971	0.999
3.12503	0.995
3.12503	0.995
3.12503	0.995
3.12503	0.995
3.17714	0.997
3.17714	0.997
3.17714	0.997
3.17714	0.997
3.17714	0.997
3.17714	0.997
3.17714	0.997
3.17714	0.997
3.17714	0.997
3.17714	0.997
3.17714	0.997
3.17714	0.997
3.17714	0.997
3.17714	0.997
3.17714	0.997
3.17714	0.997
3.17714	0.997
3.17714	0.997
3.17714	0.997
3.17714	0.997
3.17714	0.997
3.17714	0.997
3.17714	0.997
3.17714	0.997
3.26224	0.999
3.26224	0.999
3.26224	0.999
3.26224	0.999
3.26224	0.999
3.26224	0.999
3.26224	0.999
3.26224	0.999
3.26224	0.999
3.26224	0.999
3.26224	0.999
3.26224	0.999
3.26224	0.999
3.26224	0.999
3.26224	0.999
3.26224	0.999
3.26224	0.999
3.26224	0.999
3.26224	0.999
3.26224	0.999
3.26224	0.999
3.26224	0.999
3.26224	0.999
3.26224	0.999
3.46534	0.998
3.46534	0.998
3.46534	0.998
3.46534	0.998
3.46534	0.998
3.46534	0.998
3.46534	0.998
3.46534	0.998
3.46534	0.998
3.46534	0.998
3.46534	0.998
3.46534	0.998
3.46534	0.998
3.46534	0.998
3.46534	0.998
3.46534	0.998
3.46534	0.998
3.46534	0.998
3.46534	0.998
3.46534	0.998
3.46534	0.998
3.46534	0.998
3.46534	0.998
3.46534	0.998
3.70895	0.997
3.70895	0.997
3.70895	0.997
3.70895	0.997
3.70895	0.997
3.70895	0.997
3.70895	0.997
3.70895	0.997
3.70895	0.997
3.70895	0.997
3.70895	0.997
3.70895	0.997
3.70895	0.997
3.70895	0.997
3.70895	0.997
3.70895	0.997
3.70895	0.997
3.70895	0.997
3.70895	0.997
3.70895	0.997
3.70895	0.997
3.70895	0.997
3.70895	0.997
3.70895	0.997
3.74060	0.998
3.74060	0.998
3.74060	0.998
3.74060	0.998
3.74060	0.998
3.74060	0.998
3.74060	0.998
3.74060	0.998
3.74060	0.998
3.74060	0.998
3.74060	0.998
3.74060	0.998
3.74060	0.998
3.74060	0.998
3.74060	0.998
3.74060	0.998
3.74060	0.998
3.74060	0.998
3.74060	0.998
3.74060	0.998
3.74060	0.998
3.74060	0.998
3.74060	0.998
3.74060	0.998
3.92566	0.998
3.92566	0.998
3.92566	0.998
3.92566	0.998
3.92566	0.998
3.92566	0.998
3.92566	0.998
3.92566	0.998
3.92566	0.998
3.92566	0.998
3.92566	0.998
3.92566	0.998
3.92566	0.998
3.92566	0.998
3.92566	0.998
3.92566	0.998
3.92566	0.998
3.92566	0.998
3.92566	0.998
3.92566	0.998
3.92566	0.998
3.92566	0.998
3.92566	0.998
3.92566	0.998
4.07478	0.997
4.07478	0.997
4.07478	0.997
4.07478	0.997
4.07478	0.997
4.07478	0.997
4.07478	0.997
4.07478	0.997
4.07478	0.997
4.07478	0.997
4.07478	0.997
4.07478	0.997
4.07478	0.997
4.07478	0.997
4.07478	0.997
4.07478	0.997
4.07478	0.997
4.07478	0.997
4.07478	0.997
4.07478	0.997
4.07478	0.997
4.07478	0.997
4.07478	0.997
4.07478	0.997
4.26214	0.997
4.26214	0.997
4.26214	0.997
4.26214	0.997
4.26214	0.997
4.26214	0.997
4.26214	0.997
4.26214	0.997
4.26214	0.997
4.26214	0.997
4.26214	0.997
4.26214	0.997
4.26214	0.997
4.26214	0.997
4.26214	0.997
4.26214	0.997
4.26214	0.997
4.26214	0.997
4.26214	0.997
4.26214	0.997
4.26214	0.997
4.26214	0.997
4.26214	0.997
4.26214	0.997
4.26214	0.997
4.26214	0.997
4.26214	0.997
4.26214	0.997
4.26214	0.997
4.26214	0.997
4.26214	0.997
4.26214	0.997
4.26214	0.997
4.26214	0.997
4.26214	0.997
4.26214	0.997
4.26214	0.997
4.26214	0.997
4.26214	0.997
4.26214	0.997
4.26214	0.997
4.26214	0.997
4.26214	0.997
4.26214	0.997
4.26214	0.997
4.26214	0.997
4.26214	0.997
4.26214	0.997
4.45196	0.996
4.45196	0.996
4.45196	0.996
4.45196	0.996
4.45196	0.996
4.45196	0.996
4.45196	0.996
4.45196	0.996
4.45196	0.996
4.45196	0.996
4.45196	0.996
4.45196	0.996
4.53424	0.993
4.53424	0.993
4.53424	0.993
4.58641	0.995
4.58641	0.995
4.58641	0.995
4.58641	0.995
4.58641	0.995
4.58641	0.995
4.58641	0.995
4.58641	0.995
4.58641	0.995
4.58641	0.995
4.58641	0.995
4.58641	0.995
4.64181	0.997
4.64181	0.997
4.64181	0.997
4.64181	0.997
4.64181	0.997
4.64181	0.997
7.05115	0.998
7.05115	0.998
7.05115	0.998
7.05115	0.998
7.57915	0.997
7.57915	0.997
7.57915	0.997
7.57915	0.997
7.57915	0.997
7.57915	0.997
7.57915	0.997
7.57915	0.997
7.57915	0.997
7.57915	0.997
7.57915	0.997
7.57915	0.997
7.57915	0.997
7.57915	0.997
7.57915	0.997
7.57915	0.997
7.57915	0.997
7.57915	0.997
7.57915	0.997
7.57915	0.997
7.57915	0.997
7.57915	0.997
7.57915	0.997
7.57915	0.997
7.97097	0.999
7.97097	0.999
7.97097	0.999
7.97097	0.999
7.97097	0.999
7.97097	0.999
7.97097	0.999
7.97097	0.999
7.97097	0.999
7.97097	0.999
7.97097	0.999
7.97097	0.999
7.97097	0.999
7.97097	0.999
7.97097	0.999
7.97097	0.999
7.97097	0.999
7.97097	0.999
7.97097	0.999
7.97097	0.999
7.97097	0.999
7.97097	0.999
7.97097	0.999
7.97097	0.999
7.98810	0.999
7.98810	0.999
7.98810	0.999
8.17268	0.991
8.17268	0.991
8.17268	0.991
8.17268	0.991
8.17268	0.991
8.17268	0.991
8.17268	0.991
8.17268	0.991
8.17268	0.991
8.17268	0.991
8.17268	0.991
8.17268	0.991
8.17268	0.991
8.17268	0.991
8.17268	0.991
8.17268	0.991
8.17268	0.991
8.17268	0.991
8.17268	0.991
8.17268	0.991
8.17268	0.991
8.17268	0.991
8.17268	0.991
8.17268	0.991
8.48631	0.999
8.48631	0.999
8.48631	0.999
8.48631	0.999
8.48631	0.999
8.48631	0.999
8.48631	0.999
8.48631	0.999
8.48631	0.999
8.48631	0.999
8.48631	0.999
8.48631	0.999
8.49288	0.997
8.49288	0.997
8.49288	0.997
8.49288	0.997
8.49288	0.997
8.49288	0.997
8.49288	0.997
8.49288	0.997
8.49288	0.997
8.49288	0.997
8.49288	0.997
8.49288	0.997
8.49288	0.997
8.49288	0.997
8.49288	0.997
8.49288	0.997
8.49288	0.997
8.49288	0.997
8.49288	0.997
8.49288	0.997
8.49288	0.997
8.49288	0.997
8.49288	0.997
8.49288	0.997
8.72913	0.977
8.72913	0.977
8.72913	0.977
8.72913	0.977
8.72913	0.977
8.72913	0.977
8.72913	0.977
8.72913	0.977
8.79601	0.992
8.79601	0.992
8.79601	0.992
8.79601	0.992
8.79601	0.992
8.79601	0.992
8.79601	0.992
8.79601	0.992
8.79601	0.992
8.79601	0.992
8.79601	0.992
8.79601	0.992
8.79601	0.992
8.79601	0.992
8.79601	0.992
8.79601	0.992
8.79601	0.992
8.79601	0.992
8.79601	0.992
8.79601	0.992
8.79601	0.992
8.79601	0.992
8.79601	0.992
8.79601	0.992
8.81127	0.994
8.81127	0.994
8.81127	0.994
8.81127	0.994
8.81127	0.994
8.81127	0.994
8.81127	0.994
8.81127	0.994
8.81127	0.994
8.81127	0.994
8.81127	0.994
8.81127	0.994
8.81127	0.994
8.81127	0.994
8.81127	0.994
8.81127	0.994
8.81127	0.994
8.81127	0.994
8.81127	0.994
8.81127	0.994
8.81127	0.994
8.81127	0.994
8.81127	0.994
8.81127	0.994
8.97637	0.998
8.97637	0.998
8.97637	0.998
8.97637	0.998
8.97637	0.998
8.97637	0.998
8.97637	0.998
8.97637	0.998
8.97637	0.998
8.97637	0.998
8.97637	0.998
8.97637	0.998
9.00088	0.997
9.00088	0.997
9.00088	0.997
9.00088	0.997
9.00088	0.997
9.00088	0.997
9.00088	0.997
9.00088	0.997
9.00088	0.997
9.00088	0.997
9.00088	0.997
9.00088	0.997
9.00088	0.997
9.00088	0.997
9.00088	0.997
9.00088	0.997
9.00088	0.997
9.00088	0.997
9.00088	0.997
9.00088	0.997
9.00088	0.997
9.00088	0.997
9.00088	0.997
9.00088	0.997
9.00088	0.997
9.00088	0.997
9.00088	0.997
9.00088	0.997
9.00088	0.997
9.00088	0.997
9.00088	0.997
9.00088	0.997
9.00088	0.997
9.00088	0.997
9.00088	0.997
9.00088	0.997
9.00088	0.997
9.00088	0.997
9.00088	0.997
9.00088	0.997
9.00088	0.997
9.00088	0.997
9.00088	0.997
9.00088	0.997
9.00088	0.997
9.00088	0.997
9.00088	0.997
9.00088	0.997
9.41306	0.988
9.41306	0.988
9.41306	0.988
9.41306	0.988
9.41306	0.988
9.41306	0.988
9.41306	0.988
9.41306	0.988
9.41306	0.988
9.41306	0.988
9.41306	0.988
9.41306	0.988
9.41306	0.988
9.41306	0.988
9.41306	0.988
9.41306	0.988
9.41306	0.988
9.41306	0.988
9.41306	0.988
9.41306	0.988
9.41306	0.988
9.41306	0.988
9.41306	0.988
9.41306	0.988
9.41306	0.988
9.41306	0.988
9.41306	0.988
9.41306	0.988
9.41306	0.988
9.41306	0.988
9.41306	0.988
9.41306	0.988
9.41306	0.988
9.41306	0.988
9.41306	0.988
9.41306	0.988
9.41306	0.988
9.41306	0.988
9.41306	0.988
9.41306	0.988
9.41306	0.988
9.41306	0.988
9.41306	0.988
9.41306	0.988
9.41306	0.988
9.41306	0.988
9.41306	0.988
9.41306	0.988
9.44970	0.992
9.44970	0.992
9.44970	0.992
9.44970	0.992
9.44970	0.992
9.44970	0.992
9.44970	0.992
9.44970	0.992
9.44970	0.992
9.44970	0.992
9.44970	0.992
9.44970	0.992
9.44970	0.992
9.44970	0.992
9.44970	0.992
9.44970	0.992
9.44970	0.992
9.44970	0.992
9.44970	0.992
9.44970	0.992
9.44970	0.992
9.44970	0.992
9.44970	0.992
9.44970	0.992
9.88144	0.990
9.88144	0.990
9.88144	0.990
9.88144	0.990
9.88144	0.990
9.88144	0.990
9.88144	0.990
9.88144	0.990
9.88144	0.990
9.88144	0.990
9.88144	0.990
9.88144	0.990
9.88144	0.990
9.88144	0.990
9.88144	0.990
9.88144	0.990
9.88144	0.990
9.88144	0.990
9.88144	0.990
9.88144	0.990
9.88144	0.990
9.88144	0.990
9.88144	0.990
9.88144	0.990
9.88810	0.993
9.88810	0.993
9.88810	0.993
9.88810	0.993
9.88810	0.993
9.88810	0.993
9.88810	0.993
9.88810	0.993
9.88810	0.993
9.88810	0.993
9.88810	0.993
9.88810	0.993
9.93279	0.974
9.93279	0.974
9.93279	0.974
9.93279	0.974
9.93279	0.974
9.93279	0.974
9.93279	0.974
9.93279	0.974
9.93279	0.974
9.93279	0.974
9.93279	0.974
9.93279	0.974
9.93279	0.974
9.93279	0.974
9.93279	0.974
9.93279	0.974
9.93279	0.974
9.93279	0.974
9.93279	0.974
9.93279	0.974
9.93279	0.974
9.93279	0.974
9.93279	0.974
9.93279	0.974
10.03392	0.985
10.03392	0.985
10.03392	0.985
10.03392	0.985
10.03392	0.985
10.03392	0.985
10.03392	0.985
10.03392	0.985
10.03392	0.985
10.03392	0.985
10.03392	0.985
10.03392	0.985
10.12113	0.976
10.12113	0.976
10.12113	0.976
10.12113	0.976
10.12113	0.976
10.12113	0.976
10.17108	0.981
10.17108	0.981
10.17108	0.981
10.17108	0.981
10.17108	0.981
10.17108	0.981
10.17108	0.981
10.17108	0.981
10.17108	0.981
10.17108	0.981
10.17108	0.981
10.17108	0.981
10.36129	0.990
10.36129	0.990
10.36129	0.990
10.36129	0.990
10.36129	0.990
10.36129	0.990
10.36129	0.990
10.36129	0.990
10.36129	0.990
10.36129	0.990
10.36129	0.990
10.36129	0.990
10.36129	0.990
10.36129	0.990
10.36129	0.990
10.36129	0.990
10.36129	0.990
10.36129	0.990
10.36129	0.990
10.36129	0.990
10.36129	0.990
10.36129	0.990
10.36129	0.990
10.36129	0.990
10.80291	0.982
10.80291	0.982
10.80291	0.982
10.80291	0.982
10.80291	0.982
10.80291	0.982
10.80291	0.982
10.80291	0.982
10.80291	0.982
10.80291	0.982
10.80291	0.982
10.80291	0.982
10.80291	0.982
10.80291	0.982
10.80291	0.982
10.80291	0.982
10.80291	0.982
10.80291	0.982
10.80291	0.982
10.80291	0.982
10.80291	0.982
10.80291	0.982
10.80291	0.982
10.80291	0.982
10.80291	0.982
10.80291	0.982
10.80291	0.982
10.80291	0.982
10.80291	0.982
10.80291	0.982
10.80291	0.982
10.80291	0.982
10.80291	0.982
10.80291	0.982
10.80291	0.982
10.80291	0.982
10.80291	0.982
10.80291	0.982
10.80291	0.982
10.80291	0.982
10.80291	0.982
10.80291	0.982
10.80291	0.982
10.80291	0.982
10.80291	0.982
10.80291	0.982
10.80291	0.982
10.80291	0.982
11.00440	0.962
11.00440	0.962
11.00440	0.962
11.00440	0.962
11.00440	0.962
11.00440	0.962
11.00440	0.962
11.00440	0.962
11.00440	0.962
11.00440	0.962
11.00440	0.962
11.00440	0.962
11.00440	0.962
11.00440	0.962
11.00440	0.962
11.00440	0.962
11.00440	0.962
11.00440	0.962
11.00440	0.962
11.00440	0.962
11.00440	0.962
11.00440	0.962
11.00440	0.962
11.00440	0.962
11.09637	0.982
11.09637	0.982
11.09637	0.982
11.09637	0.982
11.09637	0.982
11.09637	0.982
11.09637	0.982
11.09637	0.982
11.09637	0.982
11.09637	0.982
11.09637	0.982
11.09637	0.982
11.09637	0.982
11.09637	0.982
11.09637	0.982
11.09637	0.982
11.09637	0.982
11.09637	0.982
11.09637	0.982
11.09637	0.982
11.09637	0.982
11.09637	0.982
11.09637	0.982
11.09637	0.982
11.37307	0.980
11.37307	0.980
11.37307	0.980
11.37307	0.980
11.37307	0.980
11.37307	0.980
11.37307	0.980
11.37307	0.980
11.37307	0.980
11.37307	0.980
11.37307	0.980
11.37307	0.980
11.37307	0.980
11.37307	0.980
11.37307	0.980
11.37307	0.980
11.37307	0.980
11.37307	0.980
11.37307	0.980
11.37307	0.980
11.37307	0.980
11.37307	0.980
11.37307	0.980
11.37307	0.980
11.52819	0.943
11.52819	0.943
11.52819	0.943
11.52819	0.943
11.52819	0.943
11.52819	0.943
11.70924	0.975
11.70924	0.975
11.70924	0.975
11.70924	0.975
11.70924	0.975
11.70924	0.975
11.70924	0.975
11.70924	0.975
11.70924	0.975
11.70924	0.975
11.70924	0.975
11.70924	0.975
11.89308	0.976
11.89308	0.976
11.89308	0.976
11.89308	0.976
11.89308	0.976
11.89308	0.976
11.89308	0.976
11.89308	0.976
11.89308	0.976
11.89308	0.976
11.89308	0.976
11.89308	0.976
11.89308	0.976
11.89308	0.976
11.89308	0.976
11.89308	0.976
11.89308	0.976
11.89308	0.976
11.89308	0.976
11.89308	0.976
11.89308	0.976
11.89308	0.976
11.89308	0.976
11.89308	0.976
11.89883	0.973
11.89883	0.973
11.89883	0.973
11.89883	0.973
11.89883	0.973
11.89883	0.973
11.89883	0.973
11.89883	0.973
11.89883	0.973
11.89883	0.973
11.89883	0.973
11.89883	0.973
12.01393	0.934
12.01393	0.934
12.01393	0.934
12.01393	0.934
12.01393	0.934
12.01393	0.934
12.01393	0.934
12.01393	0.934
12.05877	0.954
12.05877	0.954
12.05877	0.954
12.05877	0.954
12.05877	0.954
12.05877	0.954
12.05877	0.954
12.05877	0.954
12.05877	0.954
12.05877	0.954
12.05877	0.954
12.05877	0.954
12.05877	0.954
12.05877	0.954
12.05877	0.954
12.05877	0.954
12.05877	0.954
12.05877	0.954
12.05877	0.954
12.05877	0.954
12.05877	0.954
12.05877	0.954
12.05877	0.954
12.05877	0.954
12.22392	0.936
12.22392	0.936
12.22392	0.936
12.22392	0.936
12.22392	0.936
12.22392	0.936
12.22392	0.936
12.22392	0.936
12.22392	0.936
12.22392	0.936
12.22392	0.936
12.22392	0.936
12.29482	0.957
12.29482	0.957
12.29482	0.957
12.29482	0.957
12.29482	0.957
12.29482	0.957
12.29482	0.957
12.29482	0.957
12.29482	0.957
12.29482	0.957
12.29482	0.957
12.29482	0.957
12.29482	0.957
12.29482	0.957
12.29482	0.957
12.29482	0.957
12.29482	0.957
12.29482	0.957
12.29482	0.957
12.29482	0.957
12.29482	0.957
12.29482	0.957
12.29482	0.957
12.29482	0.957
12.36692	0.965
12.36692	0.965
12.36692	0.965
12.36692	0.965
12.36692	0.965
12.36692	0.965
12.36692	0.965
12.36692	0.965
12.36692	0.965
12.36692	0.965
12.36692	0.965
12.36692	0.965
12.36692	0.965
12.36692	0.965
12.36692	0.965
12.36692	0.965
12.36692	0.965
12.36692	0.965
12.36692	0.965
12.36692	0.965
12.36692	0.965
12.36692	0.965
12.36692	0.965
12.36692	0.965
12.66582	0.981
12.66582	0.981
12.66582	0.981
12.66582	0.981
12.66582	0.981
12.66582	0.981
12.66582	0.981
12.66582	0.981
12.66582	0.981
12.66582	0.981
12.66582	0.981
12.66582	0.981
12.66582	0.981
12.66582	0.981
12.66582	0.981
12.66582	0.981
12.66582	0.981
12.66582	0.981
12.66582	0.981
12.66582	0.981
12.66582	0.981
12.66582	0.981
12.66582	0.981
12.66582	0.981
12.77442	0.970
12.77442	0.970
12.77442	0.970
12.77442	0.970
12.77442	0.970
12.77442	0.970
12.77442	0.970
12.77442	0.970
12.77442	0.970
12.77442	0.970
12.77442	0.970
12.77442	0.970
12.77442	0.970
12.77442	0.970
12.77442	0.970
12.77442	0.970
12.77442	0.970
12.77442	0.970
12.77442	0.970
12.77442	0.970
12.77442	0.970
12.77442	0.970
12.77442	0.970
12.77442	0.970
12.77442	0.970
12.77442	0.970
12.77442	0.970
12.77442	0.970
12.77442	0.970
12.77442	0.970
12.77442	0.970
12.77442	0.970
12.77442	0.970
12.77442	0.970
12.77442	0.970
12.77442	0.970
12.77442	0.970
12.77442	0.970
12.77442	0.970
12.77442	0.970
12.77442	0.970
12.77442	0.970
12.77442	0.970
12.77442	0.970
12.77442	0.970
12.77442	0.970
12.77442	0.970
12.77442	0.970
12.94811	0.920
12.94811	0.920
12.94811	0.920
12.94811	0.920
12.94811	0.920
12.94811	0.920
12.94811	0.920
12.94811	0.920
12.94811	0.920
12.94811	0.920
12.94811	0.920
12.94811	0.920
12.94811	0.920
12.94811	0.920
12.94811	0.920
12.94811	0.920
12.94811	0.920
12.94811	0.920
12.94811	0.920
12.94811	0.920
12.94811	0.920
12.94811	0.920
12.94811	0.920
12.94811	0.920
12.94811	0.920
12.94811	0.920
12.94811	0.920
12.94811	0.920
12.94811	0.920
12.94811	0.920
12.94811	0.920
12.94811	0.920
12.94811	0.920
12.94811	0.920
12.94811	0.920
12.94811	0.920
12.94811	0.920
12.94811	0.920
12.94811	0.920
12.94811	0.920
12.94811	0.920
12.94811	0.920
12.94811	0.920
12.94811	0.920
12.94811	0.920
12.94811	0.920
12.94811	0.920
12.94811	0.920
13.30206	0.898
13.30206	0.898
13.30206	0.898
13.30206	0.898
13.30206	0.898
13.30206	0.898
13.30206	0.898
13.30206	0.898
13.30206	0.898
13.30206	0.898
13.30206	0.898
13.30206	0.898
13.30206	0.898
13.30206	0.898
13.30206	0.898
13.30206	0.898
13.30206	0.898
13.30206	0.898
13.30206	0.898
13.30206	0.898
13.30206	0.898
13.30206	0.898
13.30206	0.898
13.30206	0.898
13.33211	0.989
13.33211	0.989
13.33211	0.989
13.33211	0.989
13.33211	0.989
13.33211	0.989
13.34187	0.951
13.34187	0.951
13.34187	0.951
13.34187	0.951
13.34187	0.951
13.34187	0.951
13.34187	0.951
13.34187	0.951
13.34187	0.951
13.34187	0.951
13.34187	0.951
13.34187	0.951
13.34187	0.951
13.34187	0.951
13.34187	0.951
13.34187	0.951
13.34187	0.951
13.34187	0.951
13.34187	0.951
13.34187	0.951
13.34187	0.951
13.34187	0.951
13.34187	0.951
13.34187	0.951
13.51168	0.981
13.51168	0.981
13.51168	0.981
13.51168	0.981
13.51168	0.981
13.51168	0.981
13.69009	0.986
13.69009	0.986
13.69009	0.986
13.69009	0.986
13.69009	0.986
13.69009	0.986
13.69009	0.986
13.69009	0.986
13.69009	0.986
13.69009	0.986
13.69009	0.986
13.69009	0.986
13.69009	0.986
13.69009	0.986
13.69009	0.986
13.69009	0.986
13.69009	0.986
13.69009	0.986
13.69009	0.986
13.69009	0.986
13.69009	0.986
13.69009	0.986
13.69009	0.986
13.69009	0.986
13.70091	0.936
13.70091	0.936
13.70091	0.936
13.70091	0.936
13.70091	0.936
13.70091	0.936
13.70091	0.936
13.70091	0.936
13.70091	0.936
13.70091	0.936
13.70091	0.936
13.70091	0.936
13.70091	0.936
13.70091	0.936
13.70091	0.936
13.70091	0.936
13.70091	0.936
13.70091	0.936
13.70091	0.936
13.70091	0.936
13.70091	0.936
13.70091	0.936
13.70091	0.936
13.70091	0.936
13.72650	0.898
13.72650	0.898
13.72650	0.898
13.72650	0.898
13.72650	0.898
13.72650	0.898
13.72650	0.898
13.72650	0.898
13.72650	0.898
13.72650	0.898
13.72650	0.898
13.72650	0.898
13.72650	0.898
13.72650	0.898
13.72650	0.898
13.72650	0.898
13.72650	0.898
13.72650	0.898
13.72650	0.898
13.72650	0.898
13.72650	0.898
13.72650	0.898
13.72650	0.898
13.72650	0.898
13.82908	0.986
13.82908	0.986
13.82908	0.986
13.82908	0.986
13.82908	0.986
13.82908	0.986
13.82908	0.986
13.82908	0.986
13.82908	0.986
13.82908	0.986
13.82908	0.986
13.82908	0.986
13.84332	0.922
13.84332	0.922
13.84332	0.922
13.84332	0.922
13.84332	0.922
13.84332	0.922
13.84332	0.922
13.84332	0.922
13.84332	0.922
13.84332	0.922
13.84332	0.922
13.84332	0.922
13.84332	0.922
13.84332	0.922
13.84332	0.922
13.84332	0.922
13.84332	0.922
13.84332	0.922
13.84332	0.922
13.84332	0.922
13.84332	0.922
13.84332	0.922
13.84332	0.922
13.84332	0.922
14.20633	0.950
14.20633	0.950
14.20633	0.950
14.20633	0.950
14.20633	0.950
14.20633	0.950
14.20633	0.950
14.20633	0.950
14.20633	0.950
14.20633	0.950
14.20633	0.950
14.20633	0.950
14.25482	0.980
14.25482	0.980
14.25482	0.980
14.25482	0.980
14.25482	0.980
14.25482	0.980
14.25482	0.980
14.25482	0.980
14.25482	0.980
14.25482	0.980
14.25482	0.980
14.25482	0.980
14.43505	0.953
14.43505	0.953
14.43505	0.953
14.43505	0.953
14.43505	0.953
14.43505	0.953
14.43505	0.953
14.43505	0.953
14.43505	0.953
14.43505	0.953
14.43505	0.953
14.43505	0.953
14.43505	0.953
14.43505	0.953
14.43505	0.953
14.43505	0.953
14.43505	0.953
14.43505	0.953
14.43505	0.953
14.43505	0.953
14.43505	0.953
14.43505	0.953
14.43505	0.953
14.43505	0.953
14.55565	0.879
14.55565	0.879
14.55565	0.879
14.55565	0.879
14.55565	0.879
14.55565	0.879
14.55565	0.879
14.55565	0.879
14.55565	0.879
14.55565	0.879
14.55565	0.879
14.55565	0.879
14.55565	0.879
14.55565	0.879
14.55565	0.879
14.55565	0.879
14.55565	0.879
14.55565	0.879
14.55565	0.879
14.55565	0.879
14.55565	0.879
14.55565	0.879
14.55565	0.879
14.55565	0.879
14.58553	0.935
14.58553	0.935
14.58553	0.935
14.58553	0.935
14.58553	0.935
14.58553	0.935
14.58553	0.935
14.58553	0.935
14.58553	0.935
14.58553	0.935
14.58553	0.935
14.58553	0.935
14.58553	0.935
14.58553	0.935
14.58553	0.935
14.58553	0.935
14.58553	0.935
14.58553	0.935
14.58553	0.935
14.58553	0.935
14.58553	0.935
14.58553	0.935
14.58553	0.935
14.58553	0.935
14.63671	0.978
14.63671	0.978
14.63671	0.978
14.63671	0.978
14.63671	0.978
14.63671	0.978
14.63671	0.978
14.63671	0.978
14.63671	0.978
14.63671	0.978
14.63671	0.978
14.63671	0.978
14.63671	0.978
14.63671	0.978
14.63671	0.978
14.63671	0.978
14.63671	0.978
14.63671	0.978
14.63671	0.978
14.63671	0.978
14.63671	0.978
14.63671	0.978
14.63671	0.978
14.63671	0.978
14.68967	0.975
14.68967	0.975
14.68967	0.975
14.68967	0.975
14.68967	0.975
14.68967	0.975
14.68967	0.975
14.68967	0.975
14.68967	0.975
14.68967	0.975
14.68967	0.975
14.68967	0.975
14.68967	0.975
14.68967	0.975
14.68967	0.975
14.68967	0.975
14.68967	0.975
14.68967	0.975
14.68967	0.975
14.68967	0.975
14.68967	0.975
14.68967	0.975
14.68967	0.975
14.68967	0.975
14.87865	0.953
14.87865	0.953
14.87865	0.953
14.87865	0.953
14.87865	0.953
14.87865	0.953
14.87865	0.953
14.87865	0.953
14.87865	0.953
14.87865	0.953
14.87865	0.953
14.87865	0.953
14.87865	0.953
14.87865	0.953
14.87865	0.953
14.87865	0.953
14.87865	0.953
14.87865	0.953
14.87865	0.953
14.87865	0.953
14.87865	0.953
14.87865	0.953
14.87865	0.953
14.87865	0.953
15.10638	0.871
15.10638	0.871
15.10638	0.871
15.10638	0.871
15.10638	0.871
15.10638	0.871
15.10638	0.871
15.10638	0.871
15.10638	0.871
15.10638	0.871
15.10638	0.871
15.10638	0.871
15.10638	0.871
15.10638	0.871
15.10638	0.871
15.10638	0.871
15.10638	0.871
15.10638	0.871
15.10638	0.871
15.10638	0.871
15.10638	0.871
15.10638	0.871
15.10638	0.871
15.10638	0.871
15.10638	0.871
15.10638	0.871
15.10638	0.871
15.10638	0.871
15.10638	0.871
15.10638	0.871
15.10638	0.871
15.10638	0.871
15.10638	0.871
15.10638	0.871
15.10638	0.871
15.10638	0.871
15.10638	0.871
15.10638	0.871
15.10638	0.871
15.10638	0.871
15.10638	0.871
15.10638	0.871
15.10638	0.871
15.10638	0.871
15.10638	0.871
15.10638	0.871
15.10638	0.871
15.10638	0.871
15.23928	0.972
15.23928	0.972
15.23928	0.972
15.23928	0.972
15.23928	0.972
15.23928	0.972
15.23928	0.972
15.23928	0.972
15.23928	0.972
15.23928	0.972
15.23928	0.972
15.23928	0.972
15.40981	0.965
15.40981	0.965
15.40981	0.965
15.40981	0.965
15.40981	0.965
15.40981	0.965
15.40981	0.965
15.40981	0.965
15.40981	0.965
15.40981	0.965
15.40981	0.965
15.40981	0.965
15.40981	0.965
15.40981	0.965
15.40981	0.965
15.40981	0.965
15.40981	0.965
15.40981	0.965
15.40981	0.965
15.40981	0.965
15.40981	0.965
15.40981	0.965
15.40981	0.965
15.40981	0.965
15.67983	0.886
15.67983	0.886
15.67983	0.886
15.67983	0.886
15.67983	0.886
15.67983	0.886
15.67983	0.886
15.67983	0.886
15.67983	0.886
15.67983	0.886
15.67983	0.886
15.67983	0.886
15.77200	0.931
15.77200	0.931
15.77200	0.931
15.77200	0.931
15.77200	0.931
15.77200	0.931
15.77200	0.931
15.77200	0.931
15.77200	0.931
15.77200	0.931
15.77200	0.931
15.77200	0.931
15.77200	0.931
15.77200	0.931
15.77200	0.931
15.77200	0.931
15.77200	0.931
15.77200	0.931
15.77200	0.931
15.77200	0.931
15.77200	0.931
15.77200	0.931
15.77200	0.931
15.77200	0.931
15.87672	0.926
15.87672	0.926
15.87672	0.926
15.87672	0.926
15.87672	0.926
15.87672	0.926
15.87672	0.926
15.87672	0.926
15.91998	0.964
15.91998	0.964
15.91998	0.964
15.91998	0.964
15.91998	0.964
15.91998	0.964
15.91998	0.964
15.91998	0.964
15.91998	0.964
15.91998	0.964
15.91998	0.964
15.91998	0.964
15.91998	0.964
15.91998	0.964
15.91998	0.964
15.91998	0.964
15.91998	0.964
15.91998	0.964
15.91998	0.964
15.91998	0.964
15.91998	0.964
15.91998	0.964
15.91998	0.964
15.91998	0.964
16.04571	0.966
16.04571	0.966
16.04571	0.966
16.04571	0.966
16.04571	0.966
16.04571	0.966
16.04571	0.966
16.04571	0.966
16.04571	0.966
16.04571	0.966
16.04571	0.966
16.04571	0.966
16.04571	0.966
16.04571	0.966
16.04571	0.966
16.04571	0.966
16.04571	0.966
16.04571	0.966
16.04571	0.966
16.04571	0.966
16.04571	0.966
16.04571	0.966
16.04571	0.966
16.04571	0.966
16.30457	0.889
16.30457	0.889
16.30457	0.889
16.30457	0.889
16.30457	0.889
16.30457	0.889
16.30457	0.889
16.30457	0.889
16.30457	0.889
16.30457	0.889
16.30457	0.889
16.30457	0.889
16.30457	0.889
16.30457	0.889
16.30457	0.889
16.30457	0.889
16.30457	0.889
16.30457	0.889
16.30457	0.889
16.30457	0.889
16.30457	0.889
16.30457	0.889
16.30457	0.889
16.30457	0.889
16.36651	0.957
16.36651	0.957
16.36651	0.957
16.36651	0.957
16.36651	0.957
16.36651	0.957
16.36651	0.957
16.36651	0.957
16.36651	0.957
16.36651	0.957
16.36651	0.957
16.36651	0.957
16.36651	0.957
16.36651	0.957
16.36651	0.957
16.36651	0.957
16.36651	0.957
16.36651	0.957
16.36651	0.957
16.36651	0.957
16.36651	0.957
16.36651	0.957
16.36651	0.957
16.36651	0.957
16.64231	0.007
16.64231	0.007
16.64231	0.007
16.65339	0.954
16.65339	0.954
16.65339	0.954
16.65339	0.954
16.65339	0.954
16.65339	0.954
16.65339	0.954
16.65339	0.954
16.65339	0.954
16.65339	0.954
16.65339	0.954
16.65339	0.954
16.66372	0.978
16.66372	0.978
16.66372	0.978
16.66372	0.978
16.66372	0.978
16.66372	0.978
16.75119	0.967
16.75119	0.967
16.75119	0.967
16.75119	0.967
16.75119	0.967
16.75119	0.967
16.75119	0.967
16.75119	0.967
16.75119	0.967
16.75119	0.967
16.75119	0.967
16.75119	0.967
16.75119	0.967
16.75119	0.967
16.75119	0.967
16.75119	0.967
16.75119	0.967
16.75119	0.967
16.75119	0.967
16.75119	0.967
16.75119	0.967
16.75119	0.967
16.75119	0.967
16.75119	0.967
16.77851	0.909
16.77851	0.909
16.77851	0.909
16.77851	0.909
16.77851	0.909
16.77851	0.909
16.77851	0.909
16.77851	0.909
16.77851	0.909
16.77851	0.909
16.77851	0.909
16.77851	0.909
16.77851	0.909
16.77851	0.909
16.77851	0.909
16.77851	0.909
16.77851	0.909
16.77851	0.909
16.77851	0.909
16.77851	0.909
16.77851	0.909
16.77851	0.909
16.77851	0.909
16.77851	0.909
16.85812	0.984
16.85812	0.984
16.85812	0.984
16.85812	0.984
16.85812	0.984
16.85812	0.984
16.85812	0.984
16.85812	0.984
17.07146	0.977
17.07146	0.977
17.07146	0.977
17.07146	0.977
17.07146	0.977
17.07146	0.977
17.07146	0.977
17.07146	0.977
17.07146	0.977
17.07146	0.977
17.07146	0.977
17.07146	0.977
17.07146	0.977
17.07146	0.977
17.07146	0.977
17.07146	0.977
17.17328	0.020
17.17328	0.020
17.17328	0.020
17.17328	0.020
17.17328	0.020
17.17328	0.020
17.26709	0.948
17.26709	0.948
17.26709	0.948
17.26709	0.948
17.26709	0.948
17.26709	0.948
17.26709	0.948
17.26709	0.948
17.26709	0.948
17.26709	0.948
17.26709	0.948
17.26709	0.948
17.34528	0.017
17.34528	0.017
17.34528	0.017
17.34528	0.017
17.34528	0.017
17.34528	0.017
17.34528	0.017
17.34528	0.017
17.34528	0.017
17.34528	0.017
17.34528	0.017
17.34528	0.017
17.34528	0.017
17.34528	0.017
17.34528	0.017
17.34528	0.017
17.34528	0.017
17.34528	0.017
17.34528	0.017
17.34528	0.017
17.34528	0.017
17.34528	0.017
17.34528	0.017
17.34528	0.017
17.63588	0.962
17.63588	0.962
17.63588	0.962
17.63588	0.962
17.63588	0.962
17.63588	0.962
17.63588	0.962
17.63588	0.962
17.63588	0.962
17.63588	0.962
17.63588	0.962
17.63588	0.962
17.63588	0.962
17.63588	0.962
17.63588	0.962
17.63588	0.962
17.75940	0.006
17.75940	0.006
17.75940	0.006
17.75940	0.006
17.75940	0.006
17.75940	0.006
17.75940	0.006
17.75940	0.006
17.75940	0.006
17.75940	0.006
17.75940	0.006
17.75940	0.006
17.85514	0.975
17.85514	0.975
17.85514	0.975
17.85514	0.975
17.85514	0.975
17.85514	0.975
17.85514	0.975
17.85514	0.975
17.85514	0.975
17.85514	0.975
17.85514	0.975
17.85514	0.975
17.85514	0.975
17.85514	0.975
17.85514	0.975
17.85514	0.975
17.85514	0.975
17.85514	0.975
17.85514	0.975
17.85514	0.975
17.85514	0.975
17.85514	0.975
17.85514	0.975
17.85514	0.975
17.91714	0.000
17.91714	0.000
17.91714	0.000
18.15288	0.014
18.15288	0.014
18.15288	0.014
18.15288	0.014
18.15288	0.014
18.15288	0.014
18.15288	0.014
18.15288	0.014
18.15288	0.014
18.15288	0.014
18.15288	0.014
18.15288	0.014
18.15288	0.014
18.15288	0.014
18.15288	0.014
18.15288	0.014
18.15288	0.014
18.15288	0.014
18.15288	0.014
18.15288	0.014
18.15288	0.014
18.15288	0.014
18.15288	0.014
18.15288	0.014
18.16729	0.000
18.16729	0.000
18.16729	0.000
18.16729	0.000
18.16729	0.000
18.16729	0.000
18.24309	0.016
18.24309	0.016
18.24309	0.016
18.24309	0.016
18.24309	0.016
18.24309	0.016
18.24309	0.016
18.24309	0.016
18.24309	0.016
18.24309	0.016
18.24309	0.016
18.24309	0.016
18.24309	0.016
18.24309	0.016
18.24309	0.016
18.24309	0.016
18.24309	0.016
18.24309	0.016
18.24309	0.016
18.24309	0.016
18.24309	0.016
18.24309	0.016
18.24309	0.016
18.24309	0.016
18.32226	0.961
18.32226	0.961
18.32226	0.961
18.32226	0.961
18.32226	0.961
18.32226	0.961
18.32226	0.961
18.32226	0.961
18.32226	0.961
18.32226	0.961
18.32226	0.961
18.32226	0.961
18.32226	0.961
18.32226	0.961
18.32226	0.961
18.32226	0.961
18.59376	0.009
18.59376	0.009
18.59376	0.009
18.59376	0.009
18.59376	0.009
18.59376	0.009
18.59376	0.009
18.59376	0.009
18.59376	0.009
18.59376	0.009
18.59376	0.009
18.59376	0.009
18.59376	0.009
18.59376	0.009
18.59376	0.009
18.59376	0.009
18.59376	0.009
18.59376	0.009
18.59376	0.009
18.59376	0.009
18.59376	0.009
18.59376	0.009
18.59376	0.009
18.59376	0.009
18.67666	0.975
18.67666	0.975
18.67666	0.975
18.70380	0.996
18.70380	0.996
18.70380	0.996
18.70380	0.996
18.70380	0.996
18.70380	0.996
18.70380	0.996
18.70380	0.996
18.70380	0.996
18.70380	0.996
18.70380	0.996
18.70380	0.996
18.86489	0.056
18.86489	0.056
18.86489	0.056
18.86489	0.056
18.86489	0.056
18.86489	0.056
18.86489	0.056
18.86489	0.056
18.86489	0.056
18.86489	0.056
18.86489	0.056
18.86489	0.056
18.93277	0.000
18.93277	0.000
18.93277	0.000
18.93277	0.000
18.93277	0.000
18.93277	0.000
19.01126	0.006
19.01126	0.006
19.01126	0.006
19.01126	0.006
19.01126	0.006
19.01126	0.006
19.24104	0.090
19.24104	0.090
19.24104	0.090
19.24104	0.090
19.24104	0.090
19.24104	0.090
19.24104	0.090
19.24104	0.090
19.24104	0.090
19.24104	0.090
19.24104	0.090
19.24104	0.090
19.24104	0.090
19.24104	0.090
19.24104	0.090
19.24104	0.090
19.24104	0.090
19.24104	0.090
19.24104	0.090
19.24104	0.090
19.24104	0.090
19.24104	0.090
19.24104	0.090
19.24104	0.090
19.40787	0.006
19.40787	0.006
19.40787	0.006
19.40787	0.006
19.40787	0.006
19.40787	0.006
19.40787	0.006
19.40787	0.006
19.40787	0.006
19.40787	0.006
19.40787	0.006
19.40787	0.006
19.40787	0.006
19.40787	0.006
19.40787	0.006
19.40787	0.006
19.40787	0.006
19.40787	0.006
19.40787	0.006
19.40787	0.006
19.40787	0.006
19.40787	0.006
19.40787	0.006
19.40787	0.006
19.48205	0.030
19.48205	0.030
19.48205	0.030
19.48205	0.030
19.48205	0.030
19.48205	0.030
19.48205	0.030
19.48205	0.030
19.48205	0.030
19.48205	0.030
19.48205	0.030
19.48205	0.030
19.48205	0.030
19.48205	0.030
19.48205	0.030
19.48205	0.030
19.48205	0.030
19.48205	0.030
19.48205	0.030
19.48205	0.030
19.48205	0.030
19.48205	0.030
19.48205	0.030
19.48205	0.030
19.53843	0.003
19.53843	0.003
19.53843	0.003
19.53843	0.003
19.53843	0.003
19.53843	0.003
19.53843	0.003
19.53843	0.003
19.53843	0.003
19.53843	0.003
19.53843	0.003
19.53843	0.003
19.53843	0.003
19.53843	0.003
19.53843	0.003
19.53843	0.003
19.53843	0.003
19.53843	0.003
19.53843	0.003
19.53843	0.003
19.53843	0.003
19.53843	0.003
19.53843	0.003
19.53843	0.003
19.55928	0.010
19.55928	0.010
19.55928	0.010
19.55928	0.010
19.55928	0.010
19.55928	0.010
19.55928	0.010
19.55928	0.010
19.55928	0.010
19.55928	0.010
19.55928	0.010
19.55928	0.010
19.80664	0.064
19.80664	0.064
19.80664	0.064
19.80664	0.064
19.80664	0.064
19.80664	0.064
19.80664	0.064
19.80664	0.064
19.80664	0.064
19.80664	0.064
19.80664	0.064
19.80664	0.064
19.80664	0.064
19.80664	0.064
19.80664	0.064
19.80664	0.064
19.80664	0.064
19.80664	0.064
19.80664	0.064
19.80664	0.064
19.80664	0.064
19.80664	0.064
19.80664	0.064
19.80664	0.064
19.80664	0.064
19.80664	0.064
19.80664	0.064
19.80664	0.064
19.80664	0.064
19.80664	0.064
19.80664	0.064
19.80664	0.064
19.80664	0.064
19.80664	0.064
19.80664	0.064
19.80664	0.064
19.80664	0.064
19.80664	0.064
19.80664	0.064
19.80664	0.064
19.80664	0.064
19.80664	0.064
19.80664	0.064
19.80664	0.064
19.80664	0.064
19.80664	0.064
19.80664	0.064
19.80664	0.064
19.90446	0.021
19.90446	0.021
19.90446	0.021
19.90446	0.021
19.90446	0.021
19.90446	0.021
19.90446	0.021
19.90446	0.021
19.90446	0.021
19.90446	0.021
19.90446	0.021
19.90446	0.021
19.91108	0.012
19.91108	0.012
19.91108	0.012
19.91108	0.012
19.91108	0.012
19.91108	0.012
19.91108	0.012
19.91108	0.012
19.91108	0.012
19.91108	0.012
19.91108	0.012
19.91108	0.012
19.91108	0.012
19.91108	0.012
19.91108	0.012
19.91108	0.012
19.91108	0.012
19.91108	0.012
19.91108	0.012
19.91108	0.012
19.91108	0.012
19.91108	0.012
19.91108	0.012
19.91108	0.012
20.09590	0.054
20.09590	0.054
20.09590	0.054
20.09590	0.054
20.09590	0.054
20.09590	0.054
20.09590	0.054
20.09590	0.054
20.09590	0.054
20.09590	0.054
20.09590	0.054
20.09590	0.054
20.09590	0.054
20.09590	0.054
20.09590	0.054
20.09590	0.054
20.09590	0.054
20.09590	0.054
20.09590	0.054
20.09590	0.054
20.09590	0.054
20.09590	0.054
20.09590	0.054
20.09590	0.054
20.13212	0.106
20.13212	0.106
20.13212	0.106
20.13212	0.106
20.13212	0.106
20.13212	0.106
20.13212	0.106
20.13212	0.106
20.13212	0.106
20.13212	0.106
20.13212	0.106
20.13212	0.106
20.13212	0.106
20.13212	0.106
20.13212	0.106
20.13212	0.106
20.13212	0.106
20.13212	0.106
20.13212	0.106
20.13212	0.106
20.13212	0.106
20.13212	0.106
20.13212	0.106
20.13212	0.106
20.19237	0.026
20.19237	0.026
20.19237	0.026
20.19237	0.026
20.19237	0.026
20.19237	0.026
20.19237	0.026
20.19237	0.026
20.19237	0.026
20.19237	0.026
20.19237	0.026
20.19237	0.026
20.19237	0.026
20.19237	0.026
20.19237	0.026
20.19237	0.026
20.19237	0.026
20.19237	0.026
20.19237	0.026
20.19237	0.026
20.19237	0.026
20.19237	0.026
20.19237	0.026
20.19237	0.026
20.21019	0.000
20.21019	0.000
20.21019	0.000
20.21019	0.000
20.21019	0.000
20.21019	0.000
20.22603	0.103
20.22603	0.103
20.22603	0.103
20.22603	0.103
20.22603	0.103
20.22603	0.103
20.22603	0.103
20.22603	0.103
20.22603	0.103
20.22603	0.103
20.22603	0.103
20.22603	0.103
20.22603	0.103
20.22603	0.103
20.22603	0.103
20.22603	0.103
20.22603	0.103
20.22603	0.103
20.22603	0.103
20.22603	0.103
20.22603	0.103
20.22603	0.103
20.22603	0.103
20.22603	0.103
20.22603	0.103
20.22603	0.103
20.22603	0.103
20.22603	0.103
20.22603	0.103
20.22603	0.103
20.22603	0.103
20.22603	0.103
20.22603	0.103
20.22603	0.103
20.22603	0.103
20.22603	0.103
20.22603	0.103
20.22603	0.103
20.22603	0.103
20.22603	0.103
20.22603	0.103
20.22603	0.103
20.22603	0.103
20.22603	0.103
20.22603	0.103
20.22603	0.103
20.22603	0.103
20.22603	0.103
20.24537	0.044
20.24537	0.044
20.24537	0.044
20.24537	0.044
20.24537	0.044
20.24537	0.044
20.24537	0.044
20.24537	0.044
20.24537	0.044
20.24537	0.044
20.24537	0.044
20.24537	0.044
20.24537	0.044
20.24537	0.044
20.24537	0.044
20.24537	0.044
20.24537	0.044
20.24537	0.044
20.24537	0.044
20.24537	0.044
20.24537	0.044
20.24537	0.044
20.24537	0.044
20.24537	0.044
20.35345	0.014
20.35345	0.014
20.35345	0.014
20.35345	0.014
20.35345	0.014
20.35345	0.014
20.35345	0.014
20.35345	0.014
20.37944	0.037
20.37944	0.037
20.37944	0.037
20.37944	0.037
20.37944	0.037
20.37944	0.037
20.37944	0.037
20.37944	0.037
20.41603	0.082
20.41603	0.082
20.41603	0.082
20.41603	0.082
20.41603	0.082
20.41603	0.082
20.41603	0.082
20.41603	0.082
20.41603	0.082
20.41603	0.082
20.41603	0.082
20.41603	0.082
20.41603	0.082
20.41603	0.082
20.41603	0.082
20.41603	0.082
20.41603	0.082
20.41603	0.082
20.41603	0.082
20.41603	0.082
20.41603	0.082
20.41603	0.082
20.41603	0.082
20.41603	0.082
20.43672	0.089
20.43672	0.089
20.43672	0.089
20.43672	0.089
20.43672	0.089
20.43672	0.089
20.43672	0.089
20.43672	0.089
20.43672	0.089
20.43672	0.089
20.43672	0.089
20.43672	0.089
20.43672	0.089
20.43672	0.089
20.43672	0.089
20.43672	0.089
20.43672	0.089
20.43672	0.089
20.43672	0.089
20.43672	0.089
20.43672	0.089
20.43672	0.089
20.43672	0.089
20.43672	0.089
20.72363	0.005
20.72363	0.005
20.72363	0.005
20.72363	0.005
20.77321	0.000
20.77321	0.000
20.77321	0.000
20.77321	0.000
20.79913	0.035
20.79913	0.035
20.79913	0.035
20.79913	0.035
20.79913	0.035
20.79913	0.035
20.79913	0.035
20.79913	0.035
21.00662	0.017
21.00662	0.017
21.00662	0.017
21.00662	0.017
21.00662	0.017
21.00662	0.017
21.00662	0.017
21.00662	0.017
21.00662	0.017
21.00662	0.017
21.00662	0.017
21.00662	0.017
21.00662	0.017
21.00662	0.017
21.00662	0.017
21.00662	0.017
21.00662	0.017
21.00662	0.017
21.00662	0.017
21.00662	0.017
21.00662	0.017
21.00662	0.017
21.00662	0.017
21.00662	0.017
21.01950	0.043
21.01950	0.043
21.01950	0.043
21.01950	0.043
21.01950	0.043
21.01950	0.043
21.01950	0.043
21.01950	0.043
21.01950	0.043
21.01950	0.043
21.01950	0.043
21.01950	0.043
21.01950	0.043
21.01950	0.043
21.01950	0.043
21.01950	0.043
21.01950	0.043
21.01950	0.043
21.01950	0.043
21.01950	0.043
21.01950	0.043
21.01950	0.043
21.01950	0.043
21.01950	0.043
21.37444	0.000
21.45646	0.044
21.45646	0.044
21.45646	0.044
21.45646	0.044
21.45646	0.044
21.45646	0.044
21.45646	0.044
21.45646	0.044
21.45646	0.044
21.45646	0.044
21.45646	0.044
21.45646	0.044
21.45646	0.044
21.45646	0.044
21.45646	0.044
21.45646	0.044
21.45646	0.044
21.45646	0.044
21.45646	0.044
21.45646	0.044
21.45646	0.044
21.45646	0.044
21.45646	0.044
21.45646	0.044
21.58124	0.087
21.58124	0.087
21.58124	0.087
21.58124	0.087
21.58124	0.087
21.58124	0.087
21.58124	0.087
21.58124	0.087
21.58124	0.087
21.58124	0.087
21.58124	0.087
21.58124	0.087
21.61097	0.007
21.61097	0.007
21.61097	0.007
21.61097	0.007
21.61097	0.007
21.61097	0.007
21.61097	0.007
21.61097	0.007
22.03379	0.047
22.03379	0.047
22.03379	0.047
22.03379	0.047
22.03379	0.047
22.03379	0.047
22.03379	0.047
22.03379	0.047
22.03379	0.047
22.03379	0.047
22.03379	0.047
22.03379	0.047
22.03379	0.047
22.03379	0.047
22.03379	0.047
22.03379	0.047
22.03379	0.047
22.03379	0.047
22.03379	0.047
22.03379	0.047
22.03379	0.047
22.03379	0.047
22.03379	0.047
22.03379	0.047
22.12667	0.054
22.12667	0.054
22.12667	0.054
22.12667	0.054
22.12667	0.054
22.12667	0.054
22.22153	0.021
22.22153	0.021
22.22153	0.021
22.22153	0.021
22.22153	0.021
22.22153	0.021
22.22153	0.021
22.22153	0.021
22.22153	0.021
22.22153	0.021
22.22153	0.021
22.22153	0.021
22.22153	0.021
22.22153	0.021
22.22153	0.021
22.22153	0.021
22.22153	0.021
22.22153	0.021
22.22153	0.021
22.22153	0.021
22.22153	0.021
22.22153	0.021
22.22153	0.021
22.22153	0.021
22.27836	0.002
22.27836	0.002
22.27836	0.002
22.27836	0.002
22.27836	0.002
22.27836	0.002
22.27836	0.002
22.27836	0.002
22.27836	0.002
22.27836	0.002
22.27836	0.002
22.27836	0.002
22.27836	0.002
22.27836	0.002
22.27836	0.002
22.27836	0.002
22.27836	0.002
22.27836	0.002
22.27836	0.002
22.27836	0.002
22.27836	0.002
22.27836	0.002
22.27836	0.002
22.27836	0.002
22.47796	0.000
22.47796	0.000
22.47796	0.000
22.47796	0.000
22.47796	0.000
22.47796	0.000
22.47796	0.000
22.47796	0.000
22.48607	0.024
22.48607	0.024
22.48607	0.024
22.48607	0.024
22.48607	0.024
22.48607	0.024
22.48607	0.024
22.48607	0.024
22.48607	0.024
22.48607	0.024
22.48607	0.024
22.48607	0.024
22.48607	0.024
22.48607	0.024
22.48607	0.024
22.48607	0.024
22.48607	0.024
22.48607	0.024
22.48607	0.024
22.48607	0.024
22.48607	0.024
22.48607	0.024
22.48607	0.024
22.48607	0.024
22.48607	0.024
22.48607	0.024
22.48607	0.024
22.48607	0.024
22.48607	0.024
22.48607	0.024
22.48607	0.024
22.48607	0.024
22.48607	0.024
22.48607	0.024
22.48607	0.024
22.48607	0.024
22.48607	0.024
22.48607	0.024
22.48607	0.024
22.48607	0.024
22.48607	0.024
22.48607	0.024
22.48607	0.024
22.48607	0.024
22.48607	0.024
22.48607	0.024
22.48607	0.024
22.48607	0.024
22.50074	0.008
22.50074	0.008
22.50074	0.008
22.50074	0.008
22.50074	0.008
22.50074	0.008
22.58019	0.000
22.69549	0.023
22.69549	0.023
22.69549	0.023
22.69549	0.023
22.69549	0.023
22.69549	0.023
22.69549	0.023
22.69549	0.023
22.69549	0.023
22.69549	0.023
22.69549	0.023
22.69549	0.023
22.69549	0.023
22.69549	0.023
22.69549	0.023
22.69549	0.023
22.69549	0.023
22.69549	0.023
22.69549	0.023
22.69549	0.023
22.69549	0.023
22.69549	0.023
22.69549	0.023
22.69549	0.023
22.72004	0.009
22.72004	0.009
22.72004	0.009
22.72004	0.009
22.72004	0.009
22.72004	0.009
22.72004	0.009
22.72004	0.009
22.72004	0.009
22.72004	0.009
22.72004	0.009
22.72004	0.009
22.72955	0.012
22.72955	0.012
22.72955	0.012
22.72955	0.012
22.72955	0.012
22.72955	0.012
22.72955	0.012
22.72955	0.012
22.72955	0.012
22.72955	0.012
22.72955	0.012
22.72955	0.012
22.79097	0.005
22.79097	0.005
22.79097	0.005
22.79097	0.005
22.79097	0.005
22.79097	0.005
22.79097	0.005
22.79097	0.005
22.79097	0.005
22.79097	0.005
22.79097	0.005
22.79097	0.005
22.79097	0.005
22.79097	0.005
22.79097	0.005
22.79097	0.005
22.90450	0.015
22.90450	0.015
22.90450	0.015
22.90450	0.015
22.90450	0.015
22.90450	0.015
22.90450	0.015
22.90450	0.015
22.90450	0.015
22.90450	0.015
22.90450	0.015
22.90450	0.015
22.90450	0.015
22.90450	0.015
22.90450	0.015
22.90450	0.015
22.90450	0.015
22.90450	0.015
22.90450	0.015
22.90450	0.015
22.90450	0.015
22.90450	0.015
22.90450	0.015
22.90450	0.015
22.90450	0.015
22.90450	0.015
22.90450	0.015
22.90450	0.015
22.90450	0.015
22.90450	0.015
22.90450	0.015
22.90450	0.015
22.90450	0.015
22.90450	0.015
22.90450	0.015
22.90450	0.015
22.90450	0.015
22.90450	0.015
22.90450	0.015
22.90450	0.015
22.90450	0.015
22.90450	0.015
22.90450	0.015
22.90450	0.015
22.90450	0.015
22.90450	0.015
22.90450	0.015
22.90450	0.015
22.93930	0.075
22.93930	0.075
22.93930	0.075
22.93930	0.075
22.93930	0.075
22.93930	0.075
22.93930	0.075
22.93930	0.075
22.93930	0.075
22.93930	0.075
22.93930	0.075
22.93930	0.075
22.93930	0.075
22.93930	0.075
22.93930	0.075
22.93930	0.075
22.93930	0.075
22.93930	0.075
22.93930	0.075
22.93930	0.075
22.93930	0.075
22.93930	0.075
22.93930	0.075
22.93930	0.075
22.99278	0.017
22.99278	0.017
22.99278	0.017
22.99278	0.017
22.99278	0.017
22.99278	0.017
22.99278	0.017
22.99278	0.017
23.00127	0.024
23.00127	0.024
23.00127	0.024
23.00127	0.024
23.00127	0.024
23.00127	0.024
23.00127	0.024
23.00127	0.024
23.00127	0.024
23.00127	0.024
23.00127	0.024
23.00127	0.024
23.00127	0.024
23.00127	0.024
23.00127	0.024
23.00127	0.024
23.00127	0.024
23.00127	0.024
23.00127	0.024
23.00127	0.024
23.00127	0.024
23.00127	0.024
23.00127	0.024
23.00127	0.024
23.23537	0.015
23.23537	0.015
23.23537	0.015
23.23537	0.015
23.23537	0.015
23.23537	0.015
23.23537	0.015
23.23537	0.015
23.23537	0.015
23.23537	0.015
23.23537	0.015
23.23537	0.015
23.23537	0.015
23.23537	0.015
23.23537	0.015
23.23537	0.015
23.23537	0.015
23.23537	0.015
23.23537	0.015
23.23537	0.015
23.23537	0.015
23.23537	0.015
23.23537	0.015
23.23537	0.015
23.27389	0.008
23.27389	0.008
23.27389	0.008
23.27389	0.008
23.27389	0.008
23.27389	0.008
23.27389	0.008
23.27389	0.008
23.27389	0.008
23.27389	0.008
23.27389	0.008
23.27389	0.008
23.27389	0.008
23.27389	0.008
23.27389	0.008
23.27389	0.008
23.27389	0.008
23.27389	0.008
23.27389	0.008
23.27389	0.008
23.27389	0.008
23.27389	0.008
23.27389	0.008
23.27389	0.008
23.61358	0.005
23.61358	0.005
23.61358	0.005
23.61358	0.005
23.61358	0.005
23.61358	0.005
23.61358	0.005
23.61358	0.005
23.61358	0.005
23.61358	0.005
23.61358	0.005
23.61358	0.005
23.70226	0.019
23.70226	0.019
23.70226	0.019
23.70226	0.019
23.70226	0.019
23.70226	0.019
23.70226	0.019
23.70226	0.019
23.70226	0.019
23.70226	0.019
23.70226	0.019
23.70226	0.019
23.70226	0.019
23.70226	0.019
23.70226	0.019
23.70226	0.019
23.70226	0.019
23.70226	0.019
23.70226	0.019
23.70226	0.019
23.70226	0.019
23.70226	0.019
23.70226	0.019
23.70226	0.019
23.71623	0.019
23.71623	0.019
23.71623	0.019
23.71623	0.019
23.71623	0.019
23.71623	0.019
23.71623	0.019
23.71623	0.019
23.71623	0.019
23.71623	0.019
23.71623	0.019
23.71623	0.019
23.71623	0.019
23.71623	0.019
23.71623	0.019
23.71623	0.019
23.73192	0.031
23.73192	0.031
23.73192	0.031
23.73192	0.031
23.73192	0.031
23.73193	0.031
23.73193	0.031
23.73193	0.031
23.73193	0.031
23.73195	0.031
23.73198	0.031
23.73202	0.031
23.75980	0.000
23.75980	0.000
23.80599	0.002
23.80599	0.002
23.80599	0.002
23.80599	0.002
23.80599	0.002
23.80599	0.002
23.80599	0.002
23.80599	0.002
23.88478	0.000
23.88478	0.000
23.88478	0.000
23.88478	0.000
23.88478	0.000
23.88478	0.000
23.88479	0.000
23.88481	0.000
23.88484	0.000
23.88486	0.000
23.88488	0.000
23.88499	0.000
23.92188	0.006
23.92188	0.006
23.92188	0.006
23.92188	0.006
23.92188	0.006
23.92188	0.006
23.92188	0.006
23.92188	0.006
23.92188	0.006
23.92188	0.006
23.92188	0.006
23.92188	0.006
23.92188	0.006
23.92188	0.006
23.92188	0.006
23.92188	0.006
23.92188	0.006
23.92188	0.006
23.92188	0.006
23.92188	0.006
23.92188	0.006
23.92188	0.006
23.92188	0.006
23.92188	0.006
23.93230	0.016
23.93230	0.016
23.93230	0.016
23.93230	0.016
23.93230	0.016
23.93230	0.016
23.93230	0.016
23.93230	0.016
23.93230	0.016
23.93230	0.016
23.93230	0.016
23.93230	0.016
23.93230	0.016
23.93230	0.016
23.93230	0.016
23.93230	0.016
23.93230	0.016
23.93230	0.016
23.93230	0.016
23.93230	0.016
23.93230	0.016
23.93230	0.016
23.93230	0.016
23.93230	0.016
23.93230	0.016
23.93230	0.016
23.93230	0.016
23.93230	0.016
23.93230	0.016
23.93230	0.016
23.93230	0.016
23.93230	0.016
23.93230	0.016
23.93230	0.016
23.93230	0.016
23.93230	0.016
23.93230	0.016
23.93230	0.016
23.93230	0.016
23.93230	0.016
23.93230	0.016
23.93230	0.016
23.93230	0.016
23.93230	0.016
23.93230	0.016
23.93230	0.016
23.93230	0.016
23.93230	0.016
24.03723	0.016
24.03723	0.016
24.03723	0.016
24.03723	0.016
24.03723	0.016
24.03723	0.016
24.03723	0.016
24.03723	0.016
24.03723	0.016
24.03723	0.016
24.03723	0.016
24.03723	0.016
24.03723	0.016
24.03723	0.016
24.03723	0.016
24.03723	0.016
24.03723	0.016
24.03723	0.016
24.03723	0.016
24.03723	0.016
24.03723	0.016
24.03723	0.016
24.03723	0.016
24.03723	0.016
24.11048	0.022
24.11048	0.022
24.11048	0.022
24.11048	0.022
24.11048	0.022
24.11048	0.022
24.11048	0.022
24.11048	0.022
24.11048	0.022
24.11048	0.022
24.11048	0.022
24.11048	0.022
24.11048	0.022
24.11048	0.022
24.11048	0.022
24.11048	0.022
24.11048	0.022
24.11048	0.022
24.11048	0.022
24.11048	0.022
24.11048	0.022
24.11048	0.022
24.11048	0.022
24.11048	0.022
24.27705	0.002
24.27705	0.002
24.27705	0.002
24.27705	0.002
24.27705	0.002
24.27705	0.002
24.28016	0.020
24.28016	0.020
24.28016	0.020
24.28016	0.020
24.28016	0.020
24.28016	0.020
24.28016	0.020
24.28016	0.020
24.28016	0.020
24.28016	0.020
24.28016	0.020
24.28016	0.020
24.38893	0.026
24.38893	0.026
24.38893	0.026
24.38893	0.026
24.38893	0.026
24.38893	0.026
24.38893	0.026
24.38893	0.026
24.38893	0.026
24.38893	0.026
24.38893	0.026
24.38893	0.026
24.38893	0.026
24.38893	0.026
24.38893	0.026
24.38893	0.026
24.64939	0.021
24.64939	0.021
24.64939	0.021
24.64939	0.021
24.64939	0.021
24.64939	0.021
24.64939	0.021
24.64939	0.021
24.64939	0.021
24.64939	0.021
24.64939	0.021
24.64939	0.021
24.64939	0.021
24.64939	0.021
24.64939	0.021
24.64939	0.021
24.64939	0.021
24.64939	0.021
24.64939	0.021
24.64939	0.021
24.64939	0.021
24.64939	0.021
24.64939	0.021
24.64939	0.021
24.65243	0.007
24.65243	0.007
24.65243	0.007
24.65243	0.007
24.65243	0.007
24.65243	0.007
24.65243	0.007
24.65243	0.007
24.65243	0.007
24.65243	0.007
24.65243	0.007
24.65243	0.007
24.65243	0.007
24.65243	0.007
24.65243	0.007
24.65243	0.007
24.65243	0.007
24.65243	0.007
24.65243	0.007
24.65243	0.007
24.65243	0.007
24.65243	0.007
24.65243	0.007
24.65243	0.007
24.66961	0.008
24.66961	0.008
24.66961	0.008
24.66961	0.008
24.66961	0.008
24.66961	0.008
24.66961	0.008
24.66961	0.008
24.66961	0.008
24.66961	0.008
24.66961	0.008
24.66961	0.008
24.66961	0.008
24.66961	0.008
24.66961	0.008
24.66961	0.008
24.66961	0.008
24.66961	0.008
24.66961	0.008
24.66961	0.008
24.66961	0.008
24.66961	0.008
24.66961	0.008
24.66961	0.008
24.66961	0.008
24.66961	0.008
24.66961	0.008
24.66961	0.008
24.66961	0.008
24.66961	0.008
24.66961	0.008
24.66961	0.008
24.66961	0.008
24.66961	0.008
24.66961	0.008
24.66961	0.008
24.66961	0.008
24.66961	0.008
24.66961	0.008
24.66961	0.008
24.66961	0.008
24.66961	0.008
24.66961	0.008
24.66961	0.008
24.66961	0.008
24.66961	0.008
24.66961	0.008
24.66961	0.008
24.79867	0.028
24.79867	0.028
24.79867	0.028
24.79867	0.028
24.79867	0.028
24.79867	0.028
24.79867	0.028
24.79867	0.028
24.79867	0.028
24.79867	0.028
24.79867	0.028
24.79867	0.028
24.79867	0.028
24.79867	0.028
24.79867	0.028
24.79867	0.028
24.79867	0.028
24.79867	0.028
24.79867	0.028
24.79867	0.028
24.79867	0.028
24.79867	0.028
24.79867	0.028
24.79867	0.028
24.92524	0.006
24.92524	0.006
24.92524	0.006
24.92524	0.006
24.92524	0.006
24.92524	0.006
24.92524	0.006
24.92524	0.006
24.92524	0.006
24.92524	0.006
24.92524	0.006
24.92524	0.006
24.92524	0.006
24.92524	0.006
24.92524	0.006
24.92524	0.006
24.92524	0.006
24.92524	0.006
24.92524	0.006
24.92524	0.006
24.92524	0.006
24.92524	0.006
24.92524	0.006
24.92524	0.006
24.93713	0.043
24.93713	0.043
24.93713	0.043
24.93713	0.043
24.93713	0.043
24.93713	0.043
24.93713	0.043
24.93713	0.043
24.93713	0.043
24.93713	0.043
24.93713	0.043
24.93713	0.043
25.07216	0.005
25.07216	0.005
25.07216	0.005
25.07216	0.005
25.07216	0.005
25.07216	0.005
25.07216	0.005
25.07216	0.005
25.07216	0.005
25.07216	0.005
25.07216	0.005
25.07216	0.005
25.07216	0.005
25.07216	0.005
25.07216	0.005
25.07216	0.005
25.07216	0.005
25.07216	0.005
25.07216	0.005
25.07216	0.005
25.07216	0.005
25.07216	0.005
25.07216	0.005
25.07216	0.005
25.31642	0.018
25.31642	0.018
25.31642	0.018
25.31642	0.018
25.31642	0.018
25.31642	0.018
25.31642	0.018
25.31642	0.018
25.31642	0.018
25.31642	0.018
25.31642	0.018
25.31642	0.018
25.31642	0.018
25.31642	0.018
25.31642	0.018
25.31642	0.018
25.31642	0.018
25.31642	0.018
25.31642	0.018
25.31643	0.018
25.31643	0.018
25.31643	0.018
25.31643	0.018
25.31644	0.018
25.38670	0.007
25.38670	0.007
25.38670	0.007
25.38670	0.007
25.38670	0.007
25.38670	0.007
25.38670	0.007
25.38670	0.007
25.38670	0.007
25.38670	0.007
25.38671	0.007
25.38672	0.007
25.41533	0.006
25.41533	0.006
25.41533	0.006
25.41533	0.006
25.41533	0.006
25.41533	0.006
25.54338	0.018
25.54338	0.018
25.54338	0.018
25.54338	0.018
25.54338	0.018
25.54338	0.018
25.54338	0.018
25.54338	0.018
25.54338	0.018
25.54338	0.018
25.54338	0.018
25.54338	0.018
25.54338	0.018
25.54338	0.018
25.54338	0.018
25.54338	0.018
25.54338	0.018
25.54338	0.018
25.54338	0.018
25.54338	0.018
25.54338	0.018
25.54338	0.018
25.54338	0.018
25.54338	0.018
25.61143	0.006
25.61143	0.006
25.61143	0.006
25.61143	0.006
25.61143	0.006
25.61143	0.006
25.61143	0.006
25.61143	0.006
25.61143	0.006
25.61143	0.006
25.61143	0.006
25.61143	0.006
25.61143	0.006
25.61143	0.006
25.61143	0.006
25.61143	0.006
25.61143	0.006
25.61143	0.006
25.61143	0.006
25.61143	0.006
25.61143	0.006
25.61143	0.006
25.61143	0.006
25.61143	0.006
25.65918	0.003
25.66011	0.004
25.66376	0.007
25.66721	0.010
25.68680	0.029
25.68721	0.029
25.75612	0.011
25.75612	0.011
25.75612	0.011
25.75612	0.011
25.75612	0.011
25.75612	0.011
25.75612	0.011
25.75612	0.011
25.75612	0.011
25.75612	0.011
25.75612	0.011
25.75612	0.011
25.75612	0.011
25.75612	0.011
25.75612	0.011
25.75612	0.011
25.75612	0.011
25.75612	0.011
25.75612	0.011
25.75612	0.011
25.75612	0.011
25.75612	0.011
25.75612	0.011
25.75612	0.011
25.92687	0.010
25.92687	0.010
25.92687	0.010
25.92687	0.010
25.92687	0.010
25.92687	0.010
25.92687	0.010
25.92687	0.010
25.92687	0.010
25.92687	0.010
25.92687	0.010
25.92687	0.010
25.92687	0.010
25.92687	0.010
25.92687	0.010
25.92687	0.010
25.92687	0.010
25.92687	0.010
25.92687	0.010
25.92687	0.010
25.92687	0.010
25.92687	0.010
25.92688	0.010
25.92721	0.010
25.95567	0.004
25.95567	0.004
25.95567	0.004
25.95567	0.004
25.95567	0.004
25.95567	0.004
25.95567	0.004
25.95567	0.004
25.95567	0.004
25.95567	0.004
25.95567	0.004
25.95567	0.004
25.95567	0.004
25.95567	0.004
25.95567	0.004
25.95567	0.004
25.95567	0.004
25.95567	0.004
25.95567	0.004
25.95567	0.004
25.95567	0.004
25.95567	0.004
25.95567	0.004
25.95567	0.004
26.28527	0.012
26.28527	0.012
26.28527	0.012
26.28527	0.012
26.28527	0.012
26.28527	0.012
26.28527	0.012
26.28527	0.012
26.28527	0.012
26.28527	0.012
26.28527	0.012
26.28527	0.012
26.28527	0.012
26.28527	0.012
26.28527	0.012
26.28527	0.012
26.28527	0.012
26.28527	0.012
26.28527	0.012
26.28527	0.012
26.28527	0.012
26.28527	0.012
26.28527	0.012
26.28527	0.012
26.56590	0.005
26.56590	0.005
26.56590	0.005
26.56590	0.005
26.56590	0.005
26.56590	0.005
26.56590	0.005
26.56590	0.005
26.56590	0.005
26.56590	0.005
26.56590	0.005
26.56590	0.005
26.56590	0.005
26.56590	0.005
26.56590	0.005
26.56590	0.005
26.56590	0.005
26.56590	0.005
26.56590	0.005
26.56590	0.005
26.56590	0.005
26.56590	0.005
26.56590	0.005
26.56590	0.005
26.66806	0.003
26.66806	0.003
26.66806	0.003
26.66806	0.003
26.66806	0.003
26.66806	0.003
26.66806	0.003
26.66806	0.003
26.66806	0.003
26.66806	0.003
26.66806	0.003
26.66806	0.003
26.66806	0.003
26.66806	0.003
26.66806	0.003
26.66806	0.003
26.66806	0.003
26.66806	0.003
26.66806	0.003
26.66806	0.003
26.66806	0.003
26.66806	0.003
26.66806	0.003
26.66806	0.003
26.78943	0.006
26.78943	0.006
26.78943	0.006
26.78943	0.006
26.78943	0.006
26.78943	0.006
26.78943	0.006
26.78943	0.006
26.78943	0.006
26.78943	0.006
26.78943	0.006
26.78943	0.006
26.78943	0.006
26.78943	0.006
26.78943	0.006
26.78943	0.006
26.78943	0.006
26.78943	0.006
26.78943	0.006
26.78943	0.006
26.78943	0.006
26.78943	0.006
26.78943	0.006
26.78943	0.006
26.78943	0.006
26.78943	0.006
26.78943	0.006
26.78943	0.006
26.78943	0.006
26.78943	0.006
26.78943	0.006
26.78943	0.006
26.78943	0.006
26.78943	0.006
26.78943	0.006
26.78943	0.006
26.78943	0.006
26.78943	0.006
26.78943	0.006
26.78943	0.006
26.78943	0.006
26.78943	0.006
26.78943	0.006
26.78943	0.006
26.78943	0.006
26.78943	0.006
26.78943	0.006
26.78943	0.006
26.80368	0.007
26.80368	0.007
26.80368	0.007
26.80368	0.007
26.80368	0.007
26.80368	0.007
26.80368	0.007
26.80368	0.007
26.80368	0.007
26.80368	0.007
26.80368	0.007
26.80368	0.007
26.80368	0.007
26.80368	0.007
26.80368	0.007
26.80368	0.007
26.80368	0.007
26.80368	0.007
26.80368	0.007
26.80368	0.007
26.80368	0.007
26.80368	0.007
26.80368	0.007
26.80368	0.007
26.91725	0.007
26.91725	0.007
26.91725	0.007
26.91725	0.007
26.91725	0.007
26.91725	0.007
26.91725	0.007
26.91725	0.007
26.91725	0.007
26.91725	0.007
26.91725	0.007
26.91725	0.007
26.91725	0.007
26.91725	0.007
26.91725	0.007
26.91725	0.007
26.91725	0.007
26.91726	0.007
26.91726	0.007
26.91726	0.007
26.91726	0.007
26.91726	0.007
26.91726	0.007
26.91729	0.007
26.99443	0.009
26.99443	0.009
26.99443	0.009
26.99443	0.009
26.99443	0.009
26.99443	0.009
26.99443	0.009
26.99444	0.009
26.99444	0.009
26.99444	0.009
26.99445	0.009
26.99445	0.009
26.99446	0.009
26.99446	0.009
26.99446	0.009
26.99447	0.009
26.99449	0.009
26.99451	0.009
26.99453	0.009
26.99454	0.009
26.99454	0.009
26.99455	0.009
26.99458	0.009
26.99516	0.009
27.26735	0.013
27.26735	0.013
27.26735	0.013
27.26735	0.013
27.26735	0.013
27.26735	0.013
27.26735	0.013
27.26735	0.013
27.26735	0.013
27.26735	0.013
27.26735	0.013
27.26735	0.013
27.26735	0.013
27.26735	0.013
27.26735	0.013
27.26735	0.013
27.26735	0.013
27.26735	0.013
27.26735	0.013
27.26735	0.013
27.26735	0.013
27.26735	0.013
27.26735	0.013
27.26735	0.013
27.30362	0.005
27.30362	0.005
27.30362	0.005
27.30362	0.005
27.30362	0.005
27.30362	0.005
27.30362	0.005
27.30362	0.005
27.30362	0.005
27.30362	0.005
27.30362	0.005
27.30362	0.005
27.30362	0.005
27.30362	0.005
27.30362	0.005
27.30362	0.005
27.30362	0.005
27.30362	0.005
27.30362	0.005
27.30362	0.005
27.30362	0.005
27.30362	0.005
27.30362	0.005
27.30362	0.005
27.30362	0.005
27.30362	0.005
27.30362	0.005
27.30362	0.005
27.30362	0.005
27.30362	0.005
27.30362	0.005
27.30362	0.005
27.30362	0.005
27.30362	0.005
27.30362	0.005
27.30362	0.005
27.30362	0.005
27.30362	0.005
27.30362	0.005
27.30362	0.005
27.30362	0.005
27.30362	0.005
27.30362	0.005
27.30362	0.005
27.30362	0.005
27.30362	0.005
27.30362	0.005
27.30362	0.005
27.45077	0.010
27.45077	0.010
27.45077	0.010
27.45077	0.010
27.45077	0.010
27.45077	0.010
27.45077	0.010
27.45077	0.010
27.45077	0.010
27.45077	0.010
27.45077	0.010
27.45077	0.010
27.45077	0.010
27.45077	0.010
27.45077	0.010
27.45077	0.010
27.45077	0.010
27.45077	0.010
27.45077	0.010
27.45077	0.010
27.45077	0.010
27.45077	0.010
27.45077	0.010
27.45077	0.010
27.88143	0.000
27.88143	0.000
27.88143	0.000
27.88143	0.000
27.88143	0.000
27.88143	0.000
27.88143	0.000
27.88143	0.000
27.88143	0.000
27.88143	0.000
27.88143	0.000
27.88143	0.000
28.09581	0.000
28.09581	0.000
28.09581	0.000
28.09581	0.000
28.09581	0.000
28.09581	0.000
28.09581	0.000
28.09581	0.000
28.09581	0.000
28.09581	0.000
28.09581	0.000
28.09581	0.000
28.31590	0.009
28.31590	0.009
28.31590	0.009
28.31590	0.009
28.31590	0.009
28.31590	0.009
28.31590	0.009
28.31590	0.009
28.31590	0.009
28.31590	0.009
28.31590	0.009
28.31590	0.009
28.32031	0.015
28.32031	0.015
28.32031	0.015
28.32031	0.015
28.32031	0.015
28.32031	0.015
28.32031	0.015
28.32031	0.015
28.32031	0.015
28.32031	0.015
28.32031	0.015
28.32031	0.015
28.38692	0.001
28.38692	0.001
28.38692	0.001
28.38692	0.001
28.38692	0.001
28.38692	0.001
28.38692	0.001
28.38692	0.001
28.38692	0.001
28.38692	0.001
28.38692	0.001
28.38692	0.001
29.16570	0.003
29.16570	0.003
29.16570	0.003
29.16570	0.003
29.16570	0.003
29.16570	0.003
29.16570	0.003
29.16570	0.003
29.16570	0.003
29.16570	0.003
29.16570	0.003
29.16570	0.003
29.16570	0.003
29.16570	0.003
29.16570	0.003
29.16570	0.003
29.16570	0.003
29.16570	0.003
29.16570	0.003
29.16570	0.003
29.16570	0.003
29.16570	0.003
29.16570	0.003
29.16570	0.003
29.50167	0.004
29.50167	0.004
29.50167	0.004
29.50167	0.004
29.50167	0.004
29.50167	0.004
29.50167	0.004
29.50167	0.004
29.50167	0.004
29.50167	0.004
29.50167	0.004
29.50167	0.004
29.50167	0.004
29.50167	0.004
29.50167	0.004
29.50167	0.004
29.50167	0.004
29.50167	0.004
29.50167	0.004
29.50167	0.004
29.50167	0.004
29.50167	0.004
29.50167	0.004
29.50167	0.004
30.37856	0.004
30.37856	0.004
30.37856	0.004
30.37856	0.004
30.37856	0.004
30.37856	0.004
30.37856	0.004
30.37856	0.004
30.37856	0.004
30.37856	0.004
30.37856	0.004
30.37856	0.004
30.37856	0.004
30.37856	0.004
30.37856	0.004
30.37856	0.004
30.37856	0.004
30.37856	0.004
30.37856	0.004
30.37856	0.004
30.37856	0.004
30.37856	0.004
30.37856	0.004
30.37856	0.004
30.41826	0.000
30.41826	0.000
30.41826	0.000
30.41826	0.000
30.41826	0.000
30.41826	0.000
30.48351	0.008
30.48351	0.008
30.48351	0.008
30.48351	0.008
30.48351	0.008
30.48351	0.008
30.58103	0.000
30.58103	0.000
30.58103	0.000
32.23314	0.007
32.23314	0.007
32.23314	0.007
