  0.00000000E+00 -0.33216499E+01
  0.10081130E-01 -0.33232955E+01
  0.20162259E-01 -0.33282116E+01
  0.30243389E-01 -0.33363359E+01
  0.40324518E-01 -0.33475685E+01
  0.50405648E-01 -0.33617756E+01
  0.60486778E-01 -0.33787955E+01
  0.70567907E-01 -0.33984451E+01
  0.80649037E-01 -0.34205259E+01
  0.90730166E-01 -0.34448306E+01
  0.10081130E+00 -0.34711489E+01
  0.11089243E+00 -0.34992718E+01
  0.12097356E+00 -0.35289963E+01
  0.13105468E+00 -0.35601278E+01
  0.14113581E+00 -0.35924831E+01
  0.15121694E+00 -0.36258912E+01
  0.16129807E+00 -0.36601947E+01
  0.17137920E+00 -0.36952499E+01
  0.18146033E+00 -0.37309267E+01
  0.19154146E+00 -0.37671085E+01
  0.20162259E+00 -0.38036915E+01
  0.21170372E+00 -0.38405839E+01
  0.22178485E+00 -0.38777051E+01
  0.23186598E+00 -0.39149850E+01
  0.24194711E+00 -0.39523626E+01
  0.25202824E+00 -0.39897857E+01
  0.26210937E+00 -0.40272094E+01
  0.27219050E+00 -0.40645958E+01
  0.28227163E+00 -0.41019125E+01
  0.29235276E+00 -0.41391325E+01
  0.30243389E+00 -0.41762328E+01
  0.31251502E+00 -0.42131942E+01
  0.32259615E+00 -0.42500003E+01
  0.33267728E+00 -0.42866371E+01
  0.34275841E+00 -0.43230923E+01
  0.35283954E+00 -0.43593550E+01
  0.36292067E+00 -0.43954150E+01
  0.37300179E+00 -0.44312626E+01
  0.38308292E+00 -0.44668883E+01
  0.39316405E+00 -0.45022821E+01
  0.40324518E+00 -0.45374340E+01
  0.41332631E+00 -0.45723329E+01
  0.42340744E+00 -0.46069674E+01
  0.43348857E+00 -0.46413248E+01
  0.44356970E+00 -0.46753918E+01
  0.45365083E+00 -0.47091539E+01
  0.46373196E+00 -0.47425958E+01
  0.47381309E+00 -0.47757013E+01
  0.48389422E+00 -0.48084534E+01
  0.49397535E+00 -0.48408344E+01
  0.50405648E+00 -0.48728260E+01
  0.51413761E+00 -0.49044094E+01
  0.52421874E+00 -0.49355657E+01
  0.53429987E+00 -0.49662756E+01
  0.54438100E+00 -0.49965199E+01
  0.55446213E+00 -0.50262798E+01
  0.56454326E+00 -0.50555364E+01
  0.57462439E+00 -0.50842716E+01
  0.58470552E+00 -0.51124676E+01
  0.59478665E+00 -0.51401073E+01
  0.60486778E+00 -0.51671744E+01
  0.61494890E+00 -0.51936536E+01
  0.62503003E+00 -0.52195300E+01
  0.63511116E+00 -0.52447900E+01
  0.64519229E+00 -0.52694207E+01
  0.65527342E+00 -0.52934104E+01
  0.66535455E+00 -0.53167480E+01
  0.67543568E+00 -0.53394235E+01
  0.68551681E+00 -0.53614278E+01
  0.69559794E+00 -0.53827525E+01
  0.70567907E+00 -0.54033904E+01
  0.71576020E+00 -0.54233349E+01
  0.72584133E+00 -0.54425802E+01
  0.73592246E+00 -0.54611214E+01
  0.74600359E+00 -0.54789546E+01
  0.75608472E+00 -0.54960763E+01
  0.76616585E+00 -0.55124841E+01
  0.77624698E+00 -0.55281765E+01
  0.78632811E+00 -0.55431527E+01
  0.79640924E+00 -0.55574126E+01
  0.80649037E+00 -0.55709573E+01
  0.81657150E+00 -0.55837885E+01
  0.82665263E+00 -0.55959088E+01
  0.83673376E+00 -0.56073216E+01
  0.84681489E+00 -0.56180312E+01
  0.85689601E+00 -0.56280426E+01
  0.86697714E+00 -0.56373613E+01
  0.87705827E+00 -0.56459935E+01
  0.88713940E+00 -0.56539460E+01
  0.89722053E+00 -0.56612258E+01
  0.90730166E+00 -0.56678402E+01
  0.91738279E+00 -0.56737966E+01
  0.92746392E+00 -0.56791022E+01
  0.93754505E+00 -0.56837643E+01
  0.94762618E+00 -0.56877894E+01
  0.95770731E+00 -0.56911838E+01
  0.96778844E+00 -0.56939531E+01
  0.97786957E+00 -0.56961018E+01
  0.98795070E+00 -0.56976338E+01
  0.99803183E+00 -0.56985519E+01
  0.10081130E+01 -0.56988577E+01
  0.10182353E+01 -0.56985494E+01
  0.10283576E+01 -0.56976239E+01
  0.10384800E+01 -0.56960798E+01
  0.10486023E+01 -0.56939146E+01
  0.10587246E+01 -0.56911251E+01
  0.10688470E+01 -0.56877072E+01
  0.10789693E+01 -0.56836561E+01
  0.10890916E+01 -0.56789663E+01
  0.10992140E+01 -0.56736318E+01
  0.11093363E+01 -0.56676464E+01
  0.11194586E+01 -0.56610034E+01
  0.11295810E+01 -0.56536961E+01
  0.11397033E+01 -0.56457178E+01
  0.11498257E+01 -0.56370618E+01
  0.11599480E+01 -0.56277216E+01
  0.11700703E+01 -0.56176912E+01
  0.11801927E+01 -0.56069646E+01
  0.11903150E+01 -0.55955365E+01
  0.12004373E+01 -0.55834022E+01
  0.12105597E+01 -0.55705571E+01
  0.12206820E+01 -0.55569976E+01
  0.12308043E+01 -0.55427203E+01
  0.12409267E+01 -0.55277225E+01
  0.12510490E+01 -0.55120021E+01
  0.12611713E+01 -0.54955573E+01
  0.12712937E+01 -0.54783870E+01
  0.12814160E+01 -0.54604905E+01
  0.12915384E+01 -0.54418674E+01
  0.13016607E+01 -0.54225181E+01
  0.13117830E+01 -0.54024430E+01
  0.13219054E+01 -0.53816432E+01
  0.13320277E+01 -0.53601200E+01
  0.13421500E+01 -0.53378752E+01
  0.13522724E+01 -0.53149111E+01
  0.13623947E+01 -0.52912304E+01
  0.13725170E+01 -0.52668362E+01
  0.13826394E+01 -0.52417323E+01
  0.13927617E+01 -0.52159229E+01
  0.14028840E+01 -0.51894128E+01
  0.14130064E+01 -0.51622075E+01
  0.14231287E+01 -0.51343133E+01
  0.14332510E+01 -0.51057371E+01
  0.14433734E+01 -0.50764864E+01
  0.14534957E+01 -0.50465696E+01
  0.14636181E+01 -0.50159960E+01
  0.14737404E+01 -0.49847754E+01
  0.14838627E+01 -0.49529183E+01
  0.14939851E+01 -0.49204360E+01
  0.15041074E+01 -0.48873402E+01
  0.15142297E+01 -0.48536433E+01
  0.15243521E+01 -0.48193579E+01
  0.15344744E+01 -0.47844967E+01
  0.15445967E+01 -0.47490729E+01
  0.15547191E+01 -0.47130992E+01
  0.15648414E+01 -0.46765883E+01
  0.15749637E+01 -0.46395523E+01
  0.15850861E+01 -0.46020027E+01
  0.15952084E+01 -0.45639502E+01
  0.16053307E+01 -0.45254044E+01
  0.16154531E+01 -0.44863738E+01
  0.16255754E+01 -0.44468653E+01
  0.16356978E+01 -0.44068844E+01
  0.16458201E+01 -0.43664348E+01
  0.16559424E+01 -0.43255185E+01
  0.16660648E+01 -0.42841354E+01
  0.16761871E+01 -0.42422837E+01
  0.16863094E+01 -0.41999594E+01
  0.16964318E+01 -0.41571567E+01
  0.17065541E+01 -0.41138678E+01
  0.17166764E+01 -0.40700831E+01
  0.17267988E+01 -0.40257915E+01
  0.17369211E+01 -0.39809801E+01
  0.17470434E+01 -0.39356351E+01
  0.17571658E+01 -0.38897413E+01
  0.17672881E+01 -0.38432829E+01
  0.17774105E+01 -0.37962438E+01
  0.17875328E+01 -0.37486073E+01
  0.17976551E+01 -0.37003574E+01
  0.18077775E+01 -0.36514780E+01
  0.18178998E+01 -0.36019544E+01
  0.18280221E+01 -0.35517727E+01
  0.18381445E+01 -0.35009205E+01
  0.18482668E+01 -0.34493873E+01
  0.18583891E+01 -0.33971646E+01
  0.18685115E+01 -0.33442460E+01
  0.18786338E+01 -0.32906277E+01
  0.18887561E+01 -0.32363085E+01
  0.18988785E+01 -0.31812898E+01
  0.19090008E+01 -0.31255761E+01
  0.19191231E+01 -0.30691742E+01
  0.19292455E+01 -0.30120941E+01
  0.19393678E+01 -0.29543482E+01
  0.19494902E+01 -0.28959515E+01
  0.19596125E+01 -0.28369213E+01
  0.19697348E+01 -0.27772769E+01
  0.19798572E+01 -0.27170395E+01
  0.19899795E+01 -0.26562317E+01
  0.20001018E+01 -0.25948771E+01
  0.20102242E+01 -0.25330003E+01
  0.20203465E+01 -0.24706257E+01
  0.20304688E+01 -0.24077781E+01
  0.20405912E+01 -0.23444815E+01
  0.20507135E+01 -0.22807588E+01
  0.20608358E+01 -0.22166319E+01
  0.20709582E+01 -0.21521207E+01
  0.20810805E+01 -0.20872432E+01
  0.20912029E+01 -0.20220148E+01
  0.21013252E+01 -0.19564485E+01
  0.21114475E+01 -0.18905543E+01
  0.21215699E+01 -0.18243396E+01
  0.21316922E+01 -0.17578085E+01
  0.21418145E+01 -0.16909622E+01
  0.21519369E+01 -0.16237993E+01
  0.21620592E+01 -0.15563154E+01
  0.21721815E+01 -0.14885040E+01
  
  0.00000000E+00 -0.66750576E+00
  0.10081130E-01 -0.66518632E+00
  0.20162259E-01 -0.65824999E+00
  0.30243389E-01 -0.64676182E+00
  0.40324518E-01 -0.63082689E+00
  0.50405648E-01 -0.61058579E+00
  0.60486778E-01 -0.58620882E+00
  0.70567907E-01 -0.55788955E+00
  0.80649037E-01 -0.52583815E+00
  0.90730166E-01 -0.49027497E+00
  0.10081130E+00 -0.45142465E+00
  0.11089243E+00 -0.40951108E+00
  0.12097356E+00 -0.36475310E+00
  0.13105468E+00 -0.31736119E+00
  0.14113581E+00 -0.26753495E+00
  0.15121694E+00 -0.21546134E+00
  0.16129807E+00 -0.16131352E+00
  0.17137920E+00 -0.10525025E+00
  0.18146033E+00 -0.47415683E-01
  0.19154146E+00  0.12060478E-01
  0.20162259E+00  0.73062636E-01
  0.21170372E+00  0.13548873E+00
  0.22178485E+00  0.19924956E+00
  0.23186598E+00  0.26426799E+00
  0.24194711E+00  0.33047815E+00
  0.25202824E+00  0.39782453E+00
  0.26210937E+00  0.46626109E+00
  0.27219050E+00  0.53575036E+00
  0.28227163E+00  0.60626255E+00
  0.29235276E+00  0.67777458E+00
  0.30243389E+00  0.75026929E+00
  0.31251502E+00  0.82373447E+00
  0.32259615E+00  0.89816209E+00
  0.33267728E+00  0.97354742E+00
  0.34275841E+00  0.10498883E+01
  0.35283954E+00  0.11271842E+01
  0.36292067E+00  0.12054358E+01
  0.37300179E+00  0.12846441E+01
  0.38308292E+00  0.13648098E+01
  0.39316405E+00  0.14459328E+01
  0.40324518E+00  0.15280117E+01
  0.41332631E+00  0.16110431E+01
  0.42340744E+00  0.16950215E+01
  0.43348857E+00  0.17799389E+01
  0.44356970E+00  0.18657841E+01
  0.45365083E+00  0.19525433E+01
  0.46373196E+00  0.20401990E+01
  0.47381309E+00  0.21287305E+01
  0.48389422E+00  0.22181138E+01
  0.49397535E+00  0.23083211E+01
  0.50405648E+00  0.23993215E+01
  0.51413761E+00  0.24910807E+01
  0.52421874E+00  0.25835611E+01
  0.53429987E+00  0.26767221E+01
  0.54438100E+00  0.27705203E+01
  0.55446213E+00  0.28649093E+01
  0.56454326E+00  0.29598406E+01
  0.57462439E+00  0.30552630E+01
  0.58470552E+00  0.31511236E+01
  0.59478665E+00  0.32473673E+01
  0.60486778E+00  0.33439375E+01
  0.61494890E+00  0.34407763E+01
  0.62503003E+00  0.35378241E+01
  0.63511116E+00  0.36350205E+01
  0.64519229E+00  0.37323041E+01
  0.65527342E+00  0.38296121E+01
  0.66535455E+00  0.39268814E+01
  0.67543568E+00  0.40240477E+01
  0.68551681E+00  0.41210455E+01
  0.69559794E+00  0.42178086E+01
  0.70567907E+00  0.43142693E+01
  0.71576020E+00  0.44103582E+01
  0.72584133E+00  0.45060039E+01
  0.73592246E+00  0.46011323E+01
  0.74600359E+00  0.46956661E+01
  0.75608472E+00  0.47895239E+01
  0.76616585E+00  0.48826191E+01
  0.77624698E+00  0.49748586E+01
  0.78632811E+00  0.50661415E+01
  0.79640924E+00  0.51563575E+01
  0.80649037E+00  0.52453847E+01
  0.81657150E+00  0.53330874E+01
  0.82665263E+00  0.54193140E+01
  0.83673376E+00  0.55038935E+01
  0.84681489E+00  0.55866331E+01
  0.85689601E+00  0.56673148E+01
  0.86697714E+00  0.57456917E+01
  0.87705827E+00  0.58214853E+01
  0.88713940E+00  0.58943816E+01
  0.89722053E+00  0.59640295E+01
  0.90730166E+00  0.60300389E+01
  0.91738279E+00  0.60919806E+01
  0.92746392E+00  0.61493897E+01
  0.93754505E+00  0.62017707E+01
  0.94762618E+00  0.62486082E+01
  0.95770731E+00  0.62893811E+01
  0.96778844E+00  0.63235826E+01
  0.97786957E+00  0.63507443E+01
  0.98795070E+00  0.63704627E+01
  0.99803183E+00  0.63824258E+01
  0.10081130E+01  0.63864361E+01
  0.10182353E+01  0.63845423E+01
  0.10283576E+01  0.63788886E+01
  0.10384800E+01  0.63695574E+01
  0.10486023E+01  0.63566813E+01
  0.10587246E+01  0.63404371E+01
  0.10688470E+01  0.63210373E+01
  0.10789693E+01  0.62987219E+01
  0.10890916E+01  0.62737493E+01
  0.10992140E+01  0.62463878E+01
  0.11093363E+01  0.62154480E+01
  0.11194586E+01  0.61800701E+01
  0.11295810E+01  0.61415590E+01
  0.11397033E+01  0.60999891E+01
  0.11498257E+01  0.60554433E+01
  0.11599480E+01  0.60080130E+01
  0.11700703E+01  0.59577968E+01
  0.11801927E+01  0.59049006E+01
  0.11903150E+01  0.58494362E+01
  0.12004373E+01  0.57915207E+01
  0.12105597E+01  0.57312756E+01
  0.12206820E+01  0.56688257E+01
  0.12308043E+01  0.56042984E+01
  0.12409267E+01  0.55378226E+01
  0.12510490E+01  0.54695282E+01
  0.12611713E+01  0.53995447E+01
  0.12712937E+01  0.53280010E+01
  0.12814160E+01  0.52550246E+01
  0.12915384E+01  0.51807408E+01
  0.13016607E+01  0.51052720E+01
  0.13117830E+01  0.50287378E+01
  0.13219054E+01  0.49512537E+01
  0.13320277E+01  0.48729314E+01
  0.13421500E+01  0.47938780E+01
  0.13522724E+01  0.47141959E+01
  0.13623947E+01  0.46339827E+01
  0.13725170E+01  0.45533304E+01
  0.13826394E+01  0.44723258E+01
  0.13927617E+01  0.43910504E+01
  0.14028840E+01  0.43095798E+01
  0.14130064E+01  0.42279842E+01
  0.14231287E+01  0.41463281E+01
  0.14332510E+01  0.40646704E+01
  0.14433734E+01  0.39830646E+01
  0.14534957E+01  0.39015587E+01
  0.14636181E+01  0.38201954E+01
  0.14737404E+01  0.37390122E+01
  0.14838627E+01  0.36580415E+01
  0.14939851E+01  0.35773110E+01
  0.15041074E+01  0.34968435E+01
  0.15142297E+01  0.34166573E+01
  0.15243521E+01  0.33367666E+01
  0.15344744E+01  0.32571810E+01
  0.15445967E+01  0.31779063E+01
  0.15547191E+01  0.30989446E+01
  0.15648414E+01  0.30202942E+01
  0.15749637E+01  0.29419500E+01
  0.15850861E+01  0.28639037E+01
  0.15952084E+01  0.27861439E+01
  0.16053307E+01  0.27086566E+01
  0.16154531E+01  0.26314250E+01
  0.16255754E+01  0.25544300E+01
  0.16356978E+01  0.24776505E+01
  0.16458201E+01  0.24010636E+01
  0.16559424E+01  0.23246449E+01
  0.16660648E+01  0.22483691E+01
  0.16761871E+01  0.21722096E+01
  0.16863094E+01  0.20961399E+01
  0.16964318E+01  0.20201331E+01
  0.17065541E+01  0.19441629E+01
  0.17166764E+01  0.18682035E+01
  0.17267988E+01  0.17922304E+01
  0.17369211E+01  0.17162207E+01
  0.17470434E+01  0.16401535E+01
  0.17571658E+01  0.15640100E+01
  0.17672881E+01  0.14877745E+01
  0.17774105E+01  0.14114341E+01
  0.17875328E+01  0.13349794E+01
  0.17976551E+01  0.12584044E+01
  0.18077775E+01  0.11817071E+01
  0.18178998E+01  0.11048895E+01
  0.18280221E+01  0.10279574E+01
  0.18381445E+01  0.95092082E+00
  0.18482668E+01  0.87379371E+00
  0.18583891E+01  0.79659381E+00
  0.18685115E+01  0.71934250E+00
  0.18786338E+01  0.64206448E+00
  0.18887561E+01  0.56478741E+00
  0.18988785E+01  0.48754150E+00
  0.19090008E+01  0.41035904E+00
  0.19191231E+01  0.33327385E+00
  0.19292455E+01  0.25632077E+00
  0.19393678E+01  0.17953504E+00
  0.19494902E+01  0.10295176E+00
  0.19596125E+01  0.26605255E-01
  0.19697348E+01 -0.49471419E-01
  0.19798572E+01 -0.12524704E+00
  0.19899795E+01 -0.20069271E+00
  0.20001018E+01 -0.27578222E+00
  0.20102242E+01 -0.35049247E+00
  0.20203465E+01 -0.42480372E+00
  0.20304688E+01 -0.49869980E+00
  0.20405912E+01 -0.57216819E+00
  0.20507135E+01 -0.64520008E+00
  0.20608358E+01 -0.71779031E+00
  0.20709582E+01 -0.78993720E+00
  0.20810805E+01 -0.86164233E+00
  0.20912029E+01 -0.93291025E+00
  0.21013252E+01 -0.10037481E+01
  0.21114475E+01 -0.10741652E+01
  0.21215699E+01 -0.11441725E+01
  0.21316922E+01 -0.12137823E+01
  0.21418145E+01 -0.12830075E+01
  0.21519369E+01 -0.13518612E+01
  0.21620592E+01 -0.14203560E+01
  0.21721815E+01 -0.14885039E+01
  
  0.00000000E+00  0.51714153E+01
  0.10081130E-01  0.51715853E+01
  0.20162259E-01  0.51720954E+01
  0.30243389E-01  0.51729459E+01
  0.40324518E-01  0.51741374E+01
  0.50405648E-01  0.51756708E+01
  0.60486778E-01  0.51775469E+01
  0.70567907E-01  0.51797671E+01
  0.80649037E-01  0.51823327E+01
  0.90730166E-01  0.51852453E+01
  0.10081130E+00  0.51885068E+01
  0.11089243E+00  0.51921192E+01
  0.12097356E+00  0.51960847E+01
  0.13105468E+00  0.52004059E+01
  0.14113581E+00  0.52050854E+01
  0.15121694E+00  0.52101262E+01
  0.16129807E+00  0.52155316E+01
  0.17137920E+00  0.52213053E+01
  0.18146033E+00  0.52274509E+01
  0.19154146E+00  0.52339727E+01
  0.20162259E+00  0.52408751E+01
  0.21170372E+00  0.52481627E+01
  0.22178485E+00  0.52558405E+01
  0.23186598E+00  0.52639133E+01
  0.24194711E+00  0.52723863E+01
  0.25202824E+00  0.52812643E+01
  0.26210937E+00  0.52905521E+01
  0.27219050E+00  0.53002540E+01
  0.28227163E+00  0.53103740E+01
  0.29235276E+00  0.53209153E+01
  0.30243389E+00  0.53318801E+01
  0.31251502E+00  0.53432697E+01
  0.32259615E+00  0.53550843E+01
  0.33267728E+00  0.53673224E+01
  0.34275841E+00  0.53799811E+01
  0.35283954E+00  0.53930558E+01
  0.36292067E+00  0.54065400E+01
  0.37300179E+00  0.54204254E+01
  0.38308292E+00  0.54347017E+01
  0.39316405E+00  0.54493565E+01
  0.40324518E+00  0.54643757E+01
  0.41332631E+00  0.54797431E+01
  0.42340744E+00  0.54954407E+01
  0.43348857E+00  0.55114491E+01
  0.44356970E+00  0.55277472E+01
  0.45365083E+00  0.55443128E+01
  0.46373196E+00  0.55611226E+01
  0.47381309E+00  0.55781528E+01
  0.48389422E+00  0.55953790E+01
  0.49397535E+00  0.56127767E+01
  0.50405648E+00  0.56303217E+01
  0.51413761E+00  0.56479905E+01
  0.52421874E+00  0.56657602E+01
  0.53429987E+00  0.56836092E+01
  0.54438100E+00  0.57015174E+01
  0.55446213E+00  0.57194663E+01
  0.56454326E+00  0.57374394E+01
  0.57462439E+00  0.57554223E+01
  0.58470552E+00  0.57734026E+01
  0.59478665E+00  0.57913706E+01
  0.60486778E+00  0.58093185E+01
  0.61494890E+00  0.58272412E+01
  0.62503003E+00  0.58451355E+01
  0.63511116E+00  0.58630002E+01
  0.64519229E+00  0.58808362E+01
  0.65527342E+00  0.58986459E+01
  0.66535455E+00  0.59164326E+01
  0.67543568E+00  0.59342007E+01
  0.68551681E+00  0.59519552E+01
  0.69559794E+00  0.59697005E+01
  0.70567907E+00  0.59874409E+01
  0.71576020E+00  0.60051794E+01
  0.72584133E+00  0.60229171E+01
  0.73592246E+00  0.60406531E+01
  0.74600359E+00  0.60583833E+01
  0.75608472E+00  0.60761003E+01
  0.76616585E+00  0.60937923E+01
  0.77624698E+00  0.61114433E+01
  0.78632811E+00  0.61290316E+01
  0.79640924E+00  0.61465302E+01
  0.80649037E+00  0.61639057E+01
  0.81657150E+00  0.61811186E+01
  0.82665263E+00  0.61981226E+01
  0.83673376E+00  0.62148648E+01
  0.84681489E+00  0.62312854E+01
  0.85689601E+00  0.62473185E+01
  0.86697714E+00  0.62628919E+01
  0.87705827E+00  0.62779279E+01
  0.88713940E+00  0.62923443E+01
  0.89722053E+00  0.63060550E+01
  0.90730166E+00  0.63189714E+01
  0.91738279E+00  0.63310041E+01
  0.92746392E+00  0.63420639E+01
  0.93754505E+00  0.63520641E+01
  0.94762618E+00  0.63609220E+01
  0.95770731E+00  0.63685609E+01
  0.96778844E+00  0.63749122E+01
  0.97786957E+00  0.63799167E+01
  0.98795070E+00  0.63835267E+01
  0.99803183E+00  0.63857071E+01
  0.10081130E+01  0.63864363E+01
  0.10182353E+01  0.63845424E+01
  0.10283576E+01  0.63788887E+01
  0.10384800E+01  0.63695575E+01
  0.10486023E+01  0.63566814E+01
  0.10587246E+01  0.63404372E+01
  0.10688470E+01  0.63210374E+01
  0.10789693E+01  0.62987220E+01
  0.10890916E+01  0.62737494E+01
  0.10992140E+01  0.62463879E+01
  0.11093363E+01  0.62169079E+01
  0.11194586E+01  0.61855762E+01
  0.11295810E+01  0.61526499E+01
  0.11397033E+01  0.61183726E+01
  0.11498257E+01  0.60829719E+01
  0.11599480E+01  0.60466568E+01
  0.11700703E+01  0.60096171E+01
  0.11801927E+01  0.59720225E+01
  0.11903150E+01  0.59340227E+01
  0.12004373E+01  0.58957480E+01
  0.12105597E+01  0.58573098E+01
  0.12206820E+01  0.58188015E+01
  0.12308043E+01  0.57802999E+01
  0.12409267E+01  0.57418659E+01
  0.12510490E+01  0.57035462E+01
  0.12611713E+01  0.56653747E+01
  0.12712937E+01  0.56273733E+01
  0.12814160E+01  0.55895542E+01
  0.12915384E+01  0.55519202E+01
  0.13016607E+01  0.55144671E+01
  0.13117830E+01  0.54771841E+01
  0.13219054E+01  0.54400559E+01
  0.13320277E+01  0.54030635E+01
  0.13421500E+01  0.53661855E+01
  0.13522724E+01  0.53293991E+01
  0.13623947E+01  0.52926816E+01
  0.13725170E+01  0.52560106E+01
  0.13826394E+01  0.52193657E+01
  0.13927617E+01  0.51827288E+01
  0.14028840E+01  0.51460849E+01
  0.14130064E+01  0.51094225E+01
  0.14231287E+01  0.50727345E+01
  0.14332510E+01  0.50360181E+01
  0.14433734E+01  0.49992751E+01
  0.14534957E+01  0.49625121E+01
  0.14636181E+01  0.49257408E+01
  0.14737404E+01  0.48889772E+01
  0.14838627E+01  0.48522420E+01
  0.14939851E+01  0.48155601E+01
  0.15041074E+01  0.47789601E+01
  0.15142297E+01  0.47424740E+01
  0.15243521E+01  0.47061367E+01
  0.15344744E+01  0.46699852E+01
  0.15445967E+01  0.46340585E+01
  0.15547191E+01  0.45983965E+01
  0.15648414E+01  0.45630394E+01
  0.15749637E+01  0.45280273E+01
  0.15850861E+01  0.44933998E+01
  0.15952084E+01  0.44591949E+01
  0.16053307E+01  0.44254488E+01
  0.16154531E+01  0.43921954E+01
  0.16255754E+01  0.43594660E+01
  0.16356978E+01  0.43272889E+01
  0.16458201E+01  0.42956888E+01
  0.16559424E+01  0.42646875E+01
  0.16660648E+01  0.42343027E+01
  0.16761871E+01  0.42045491E+01
  0.16863094E+01  0.41754374E+01
  0.16964318E+01  0.41469753E+01
  0.17065541E+01  0.41191671E+01
  0.17166764E+01  0.40920144E+01
  0.17267988E+01  0.40655161E+01
  0.17369211E+01  0.40396688E+01
  0.17470434E+01  0.40144672E+01
  0.17571658E+01  0.39899044E+01
  0.17672881E+01  0.39659725E+01
  0.17774105E+01  0.39426627E+01
  0.17875328E+01  0.39199658E+01
  0.17976551E+01  0.38978725E+01
  0.18077775E+01  0.38763739E+01
  0.18178998E+01  0.38554614E+01
  0.18280221E+01  0.38351272E+01
  0.18381445E+01  0.38153646E+01
  0.18482668E+01  0.37961678E+01
  0.18583891E+01  0.37775320E+01
  0.18685115E+01  0.37594541E+01
  0.18786338E+01  0.37419317E+01
  0.18887561E+01  0.37249639E+01
  0.18988785E+01  0.37085508E+01
  0.19090008E+01  0.36926937E+01
  0.19191231E+01  0.36773946E+01
  0.19292455E+01  0.36626564E+01
  0.19393678E+01  0.36484825E+01
  0.19494902E+01  0.36348771E+01
  0.19596125E+01  0.36218445E+01
  0.19697348E+01  0.36093892E+01
  0.19798572E+01  0.35975158E+01
  0.19899795E+01  0.35862290E+01
  0.20001018E+01  0.35755332E+01
  0.20102242E+01  0.35654324E+01
  0.20203465E+01  0.35559305E+01
  0.20304688E+01  0.35470310E+01
  0.20405912E+01  0.35387370E+01
  0.20507135E+01  0.35310510E+01
  0.20608358E+01  0.35239752E+01
  0.20709582E+01  0.35175114E+01
  0.20810805E+01  0.35116611E+01
  0.20912029E+01  0.35064252E+01
  0.21013252E+01  0.35018045E+01
  0.21114475E+01  0.34977995E+01
  0.21215699E+01  0.34944106E+01
  0.21316922E+01  0.34916378E+01
  0.21418145E+01  0.34894812E+01
  0.21519369E+01  0.34879408E+01
  0.21620592E+01  0.34870166E+01
  0.21721815E+01  0.34867086E+01
  
  0.00000000E+00  0.51714153E+01
  0.10081130E-01  0.51715853E+01
  0.20162259E-01  0.51720954E+01
  0.30243389E-01  0.51729459E+01
  0.40324518E-01  0.51741375E+01
  0.50405648E-01  0.51756708E+01
  0.60486778E-01  0.51775469E+01
  0.70567907E-01  0.51797671E+01
  0.80649037E-01  0.51823327E+01
  0.90730166E-01  0.51852453E+01
  0.10081130E+00  0.51885068E+01
  0.11089243E+00  0.51921192E+01
  0.12097356E+00  0.51960847E+01
  0.13105468E+00  0.52004059E+01
  0.14113581E+00  0.52050854E+01
  0.15121694E+00  0.52101262E+01
  0.16129807E+00  0.52155317E+01
  0.17137920E+00  0.52213053E+01
  0.18146033E+00  0.52274509E+01
  0.19154146E+00  0.52339727E+01
  0.20162259E+00  0.52408751E+01
  0.21170372E+00  0.52481628E+01
  0.22178485E+00  0.52558405E+01
  0.23186598E+00  0.52639134E+01
  0.24194711E+00  0.52723863E+01
  0.25202824E+00  0.52812643E+01
  0.26210937E+00  0.52905521E+01
  0.27219050E+00  0.53002540E+01
  0.28227163E+00  0.53103740E+01
  0.29235276E+00  0.53209153E+01
  0.30243389E+00  0.53318801E+01
  0.31251502E+00  0.53432698E+01
  0.32259615E+00  0.53550843E+01
  0.33267728E+00  0.53673224E+01
  0.34275841E+00  0.53799811E+01
  0.35283954E+00  0.53930558E+01
  0.36292067E+00  0.54065400E+01
  0.37300179E+00  0.54204254E+01
  0.38308292E+00  0.54347017E+01
  0.39316405E+00  0.54493565E+01
  0.40324518E+00  0.54643757E+01
  0.41332631E+00  0.54797431E+01
  0.42340744E+00  0.54954407E+01
  0.43348857E+00  0.55114491E+01
  0.44356970E+00  0.55277472E+01
  0.45365083E+00  0.55443128E+01
  0.46373196E+00  0.55611227E+01
  0.47381309E+00  0.55781528E+01
  0.48389422E+00  0.55953790E+01
  0.49397535E+00  0.56127767E+01
  0.50405648E+00  0.56303217E+01
  0.51413761E+00  0.56479905E+01
  0.52421874E+00  0.56657602E+01
  0.53429987E+00  0.56836093E+01
  0.54438100E+00  0.57015175E+01
  0.55446213E+00  0.57194664E+01
  0.56454326E+00  0.57374395E+01
  0.57462439E+00  0.57554223E+01
  0.58470552E+00  0.57734026E+01
  0.59478665E+00  0.57913706E+01
  0.60486778E+00  0.58093186E+01
  0.61494890E+00  0.58272412E+01
  0.62503003E+00  0.58451355E+01
  0.63511116E+00  0.58630002E+01
  0.64519229E+00  0.58808363E+01
  0.65527342E+00  0.58986459E+01
  0.66535455E+00  0.59164326E+01
  0.67543568E+00  0.59342008E+01
  0.68551681E+00  0.59519552E+01
  0.69559794E+00  0.59697005E+01
  0.70567907E+00  0.59874410E+01
  0.71576020E+00  0.60051794E+01
  0.72584133E+00  0.60229172E+01
  0.73592246E+00  0.60406531E+01
  0.74600359E+00  0.60583833E+01
  0.75608472E+00  0.60761003E+01
  0.76616585E+00  0.60937924E+01
  0.77624698E+00  0.61114433E+01
  0.78632811E+00  0.61290316E+01
  0.79640924E+00  0.61465302E+01
  0.80649037E+00  0.61639057E+01
  0.81657150E+00  0.61811186E+01
  0.82665263E+00  0.61981226E+01
  0.83673376E+00  0.62148648E+01
  0.84681489E+00  0.62312854E+01
  0.85689601E+00  0.62473185E+01
  0.86697714E+00  0.62628919E+01
  0.87705827E+00  0.62779279E+01
  0.88713940E+00  0.62923443E+01
  0.89722053E+00  0.63060550E+01
  0.90730166E+00  0.63189714E+01
  0.91738279E+00  0.63310041E+01
  0.92746392E+00  0.63420639E+01
  0.93754505E+00  0.63520641E+01
  0.94762618E+00  0.63609220E+01
  0.95770731E+00  0.63685609E+01
  0.96778844E+00  0.63749122E+01
  0.97786957E+00  0.63799167E+01
  0.98795070E+00  0.63835267E+01
  0.99803183E+00  0.63857071E+01
  0.10081130E+01  0.63864363E+01
  0.10182353E+01  0.63847083E+01
  0.10283576E+01  0.63795266E+01
  0.10384800E+01  0.63708967E+01
  0.10486023E+01  0.63588286E+01
  0.10587246E+01  0.63433367E+01
  0.10688470E+01  0.63244411E+01
  0.10789693E+01  0.63021678E+01
  0.10890916E+01  0.62765495E+01
  0.10992140E+01  0.62476267E+01
  0.11093363E+01  0.62169080E+01
  0.11194586E+01  0.61855763E+01
  0.11295810E+01  0.61526500E+01
  0.11397033E+01  0.61183727E+01
  0.11498257E+01  0.60829720E+01
  0.11599480E+01  0.60466569E+01
  0.11700703E+01  0.60096172E+01
  0.11801927E+01  0.59720225E+01
  0.11903150E+01  0.59340228E+01
  0.12004373E+01  0.58957481E+01
  0.12105597E+01  0.58573099E+01
  0.12206820E+01  0.58188016E+01
  0.12308043E+01  0.57803000E+01
  0.12409267E+01  0.57418659E+01
  0.12510490E+01  0.57035463E+01
  0.12611713E+01  0.56653747E+01
  0.12712937E+01  0.56273734E+01
  0.12814160E+01  0.55895543E+01
  0.12915384E+01  0.55519203E+01
  0.13016607E+01  0.55144671E+01
  0.13117830E+01  0.54771842E+01
  0.13219054E+01  0.54400560E+01
  0.13320277E+01  0.54030636E+01
  0.13421500E+01  0.53661856E+01
  0.13522724E+01  0.53293992E+01
  0.13623947E+01  0.52926816E+01
  0.13725170E+01  0.52560106E+01
  0.13826394E+01  0.52193658E+01
  0.13927617E+01  0.51827289E+01
  0.14028840E+01  0.51460849E+01
  0.14130064E+01  0.51094226E+01
  0.14231287E+01  0.50727346E+01
  0.14332510E+01  0.50360181E+01
  0.14433734E+01  0.49992751E+01
  0.14534957E+01  0.49625122E+01
  0.14636181E+01  0.49257409E+01
  0.14737404E+01  0.48889773E+01
  0.14838627E+01  0.48522421E+01
  0.14939851E+01  0.48155602E+01
  0.15041074E+01  0.47789601E+01
  0.15142297E+01  0.47424740E+01
  0.15243521E+01  0.47061367E+01
  0.15344744E+01  0.46699853E+01
  0.15445967E+01  0.46340586E+01
  0.15547191E+01  0.45983965E+01
  0.15648414E+01  0.45630394E+01
  0.15749637E+01  0.45280274E+01
  0.15850861E+01  0.44933999E+01
  0.15952084E+01  0.44591949E+01
  0.16053307E+01  0.44254488E+01
  0.16154531E+01  0.43921955E+01
  0.16255754E+01  0.43594661E+01
  0.16356978E+01  0.43272889E+01
  0.16458201E+01  0.42956889E+01
  0.16559424E+01  0.42646875E+01
  0.16660648E+01  0.42343028E+01
  0.16761871E+01  0.42045491E+01
  0.16863094E+01  0.41754374E+01
  0.16964318E+01  0.41469753E+01
  0.17065541E+01  0.41191671E+01
  0.17166764E+01  0.40920145E+01
  0.17267988E+01  0.40655162E+01
  0.17369211E+01  0.40396689E+01
  0.17470434E+01  0.40144673E+01
  0.17571658E+01  0.39899045E+01
  0.17672881E+01  0.39659726E+01
  0.17774105E+01  0.39426628E+01
  0.17875328E+01  0.39199658E+01
  0.17976551E+01  0.38978726E+01
  0.18077775E+01  0.38763739E+01
  0.18178998E+01  0.38554614E+01
  0.18280221E+01  0.38351273E+01
  0.18381445E+01  0.38153647E+01
  0.18482668E+01  0.37961678E+01
  0.18583891E+01  0.37775321E+01
  0.18685115E+01  0.37594541E+01
  0.18786338E+01  0.37419317E+01
  0.18887561E+01  0.37249639E+01
  0.18988785E+01  0.37085509E+01
  0.19090008E+01  0.36926938E+01
  0.19191231E+01  0.36773946E+01
  0.19292455E+01  0.36626564E+01
  0.19393678E+01  0.36484826E+01
  0.19494902E+01  0.36348772E+01
  0.19596125E+01  0.36218445E+01
  0.19697348E+01  0.36093892E+01
  0.19798572E+01  0.35975159E+01
  0.19899795E+01  0.35862291E+01
  0.20001018E+01  0.35755332E+01
  0.20102242E+01  0.35654324E+01
  0.20203465E+01  0.35559306E+01
  0.20304688E+01  0.35470311E+01
  0.20405912E+01  0.35387370E+01
  0.20507135E+01  0.35310510E+01
  0.20608358E+01  0.35239752E+01
  0.20709582E+01  0.35175115E+01
  0.20810805E+01  0.35116611E+01
  0.20912029E+01  0.35064252E+01
  0.21013252E+01  0.35018045E+01
  0.21114475E+01  0.34977996E+01
  0.21215699E+01  0.34944106E+01
  0.21316922E+01  0.34916378E+01
  0.21418145E+01  0.34894812E+01
  0.21519369E+01  0.34879409E+01
  0.21620592E+01  0.34870167E+01
  0.21721815E+01  0.34867086E+01
  
  0.00000000E+00  0.79917877E+01
  0.10081130E-01  0.79918852E+01
  0.20162259E-01  0.79921819E+01
  0.30243389E-01  0.79926909E+01
  0.40324518E-01  0.79934334E+01
  0.50405648E-01  0.79944385E+01
  0.60486778E-01  0.79957421E+01
  0.70567907E-01  0.79973861E+01
  0.80649037E-01  0.79994177E+01
  0.90730166E-01  0.80018873E+01
  0.10081130E+00  0.80048483E+01
  0.11089243E+00  0.80083550E+01
  0.12097356E+00  0.80124616E+01
  0.13105468E+00  0.80172210E+01
  0.14113581E+00  0.80226834E+01
  0.15121694E+00  0.80288951E+01
  0.16129807E+00  0.80358979E+01
  0.17137920E+00  0.80437275E+01
  0.18146033E+00  0.80524134E+01
  0.19154146E+00  0.80619779E+01
  0.20162259E+00  0.80724359E+01
  0.21170372E+00  0.80837940E+01
  0.22178485E+00  0.80960514E+01
  0.23186598E+00  0.81091987E+01
  0.24194711E+00  0.81232190E+01
  0.25202824E+00  0.81380876E+01
  0.26210937E+00  0.81537728E+01
  0.27219050E+00  0.81702358E+01
  0.28227163E+00  0.81874320E+01
  0.29235276E+00  0.82053111E+01
  0.30243389E+00  0.82238183E+01
  0.31251502E+00  0.82428947E+01
  0.32259615E+00  0.82624784E+01
  0.33267728E+00  0.82825053E+01
  0.34275841E+00  0.83029098E+01
  0.35283954E+00  0.83236259E+01
  0.36292067E+00  0.83445882E+01
  0.37300179E+00  0.83657321E+01
  0.38308292E+00  0.83869955E+01
  0.39316405E+00  0.84083188E+01
  0.40324518E+00  0.84296459E+01
  0.41332631E+00  0.84509248E+01
  0.42340744E+00  0.84721083E+01
  0.43348857E+00  0.84931541E+01
  0.44356970E+00  0.85140255E+01
  0.45365083E+00  0.85346913E+01
  0.46373196E+00  0.85551264E+01
  0.47381309E+00  0.85753113E+01
  0.48389422E+00  0.85952324E+01
  0.49397535E+00  0.86148819E+01
  0.50405648E+00  0.86342570E+01
  0.51413761E+00  0.86533599E+01
  0.52421874E+00  0.86721973E+01
  0.53429987E+00  0.86907796E+01
  0.54438100E+00  0.87091204E+01
  0.55446213E+00  0.87272355E+01
  0.56454326E+00  0.87451425E+01
  0.57462439E+00  0.87628598E+01
  0.58470552E+00  0.87804055E+01
  0.59478665E+00  0.87977969E+01
  0.60486778E+00  0.88150495E+01
  0.61494890E+00  0.88321760E+01
  0.62503003E+00  0.88491855E+01
  0.63511116E+00  0.88660831E+01
  0.64519229E+00  0.88828683E+01
  0.65527342E+00  0.88995353E+01
  0.66535455E+00  0.89160716E+01
  0.67543568E+00  0.89324574E+01
  0.68551681E+00  0.89486655E+01
  0.69559794E+00  0.89646604E+01
  0.70567907E+00  0.89803974E+01
  0.71576020E+00  0.89958230E+01
  0.72584133E+00  0.90108735E+01
  0.73592246E+00  0.90254746E+01
  0.74600359E+00  0.90395413E+01
  0.75608472E+00  0.90529767E+01
  0.76616585E+00  0.90656716E+01
  0.77624698E+00  0.90775041E+01
  0.78632811E+00  0.90883388E+01
  0.79640924E+00  0.90980270E+01
  0.80649037E+00  0.91064064E+01
  0.81657150E+00  0.91133030E+01
  0.82665263E+00  0.91185333E+01
  0.83673376E+00  0.91219087E+01
  0.84681489E+00  0.91232434E+01
  0.85689601E+00  0.91223654E+01
  0.86697714E+00  0.91191326E+01
  0.87705827E+00  0.91031251E+01
  0.88713940E+00  0.90835480E+01
  0.89722053E+00  0.90650948E+01
  0.90730166E+00  0.90478548E+01
  0.91738279E+00  0.90319171E+01
  0.92746392E+00  0.90173699E+01
  0.93754505E+00  0.90042987E+01
  0.94762618E+00  0.89927842E+01
  0.95770731E+00  0.89829014E+01
  0.96778844E+00  0.89747172E+01
  0.97786957E+00  0.89682890E+01
  0.98795070E+00  0.89636631E+01
  0.99803183E+00  0.89608737E+01
  0.10081130E+01  0.89599416E+01
  0.10182353E+01  0.89593575E+01
  0.10283576E+01  0.89576088E+01
  0.10384800E+01  0.89547065E+01
  0.10486023E+01  0.89506675E+01
  0.10587246E+01  0.89455133E+01
  0.10688470E+01  0.89392675E+01
  0.10789693E+01  0.89319543E+01
  0.10890916E+01  0.89235967E+01
  0.10992140E+01  0.89142151E+01
  0.11093363E+01  0.89038264E+01
  0.11194586E+01  0.88924442E+01
  0.11295810E+01  0.88800787E+01
  0.11397033E+01  0.88667378E+01
  0.11498257E+01  0.88524278E+01
  0.11599480E+01  0.88371546E+01
  0.11700703E+01  0.88209251E+01
  0.11801927E+01  0.88037481E+01
  0.11903150E+01  0.87856355E+01
  0.12004373E+01  0.87666032E+01
  0.12105597E+01  0.87466716E+01
  0.12206820E+01  0.87258662E+01
  0.12308043E+01  0.87042176E+01
  0.12409267E+01  0.86817615E+01
  0.12510490E+01  0.86585389E+01
  0.12611713E+01  0.86345953E+01
  0.12712937E+01  0.86099806E+01
  0.12814160E+01  0.85847482E+01
  0.12915384E+01  0.85589546E+01
  0.13016607E+01  0.85326588E+01
  0.13117830E+01  0.85059211E+01
  0.13219054E+01  0.84788025E+01
  0.13320277E+01  0.84513642E+01
  0.13421500E+01  0.84236664E+01
  0.13522724E+01  0.83957674E+01
  0.13623947E+01  0.83677232E+01
  0.13725170E+01  0.83395866E+01
  0.13826394E+01  0.83114061E+01
  0.13927617E+01  0.82832257E+01
  0.14028840E+01  0.82550839E+01
  0.14130064E+01  0.82270132E+01
  0.14231287E+01  0.81990397E+01
  0.14332510E+01  0.81711824E+01
  0.14433734E+01  0.81434531E+01
  0.14534957E+01  0.81158561E+01
  0.14636181E+01  0.80883880E+01
  0.14737404E+01  0.80610378E+01
  0.14838627E+01  0.80337867E+01
  0.14939851E+01  0.80066089E+01
  0.15041074E+01  0.79794715E+01
  0.15142297E+01  0.79523352E+01
  0.15243521E+01  0.79251551E+01
  0.15344744E+01  0.78978814E+01
  0.15445967E+01  0.78704602E+01
  0.15547191E+01  0.78428349E+01
  0.15648414E+01  0.78149469E+01
  0.15749637E+01  0.77867373E+01
  0.15850861E+01  0.77581481E+01
  0.15952084E+01  0.77291235E+01
  0.16053307E+01  0.76996111E+01
  0.16154531E+01  0.76695641E+01
  0.16255754E+01  0.76389416E+01
  0.16356978E+01  0.76077110E+01
  0.16458201E+01  0.75758486E+01
  0.16559424E+01  0.75433413E+01
  0.16660648E+01  0.75101871E+01
  0.16761871E+01  0.74763968E+01
  0.16863094E+01  0.74419942E+01
  0.16964318E+01  0.74070169E+01
  0.17065541E+01  0.73715170E+01
  0.17166764E+01  0.73355610E+01
  0.17267988E+01  0.72992301E+01
  0.17369211E+01  0.72626196E+01
  0.17470434E+01  0.72258393E+01
  0.17571658E+01  0.71890118E+01
  0.17672881E+01  0.71522727E+01
  0.17774105E+01  0.71157687E+01
  0.17875328E+01  0.70796567E+01
  0.17976551E+01  0.70441022E+01
  0.18077775E+01  0.70092776E+01
  0.18178998E+01  0.69753603E+01
  0.18280221E+01  0.69425304E+01
  0.18381445E+01  0.69109690E+01
  0.18482668E+01  0.68808553E+01
  0.18583891E+01  0.68523649E+01
  0.18685115E+01  0.68256668E+01
  0.18786338E+01  0.68009214E+01
  0.18887561E+01  0.67782784E+01
  0.18988785E+01  0.67578741E+01
  0.19090008E+01  0.67398302E+01
  0.19191231E+01  0.67242513E+01
  0.19292455E+01  0.67112240E+01
  0.19393678E+01  0.67008153E+01
  0.19494902E+01  0.66930719E+01
  0.19596125E+01  0.66880197E+01
  0.19697348E+01  0.66856632E+01
  0.19798572E+01  0.66859860E+01
  0.19899795E+01  0.66889511E+01
  0.20001018E+01  0.66945014E+01
  0.20102242E+01  0.67025610E+01
  0.20203465E+01  0.67130366E+01
  0.20304688E+01  0.67258187E+01
  0.20405912E+01  0.67407840E+01
  0.20507135E+01  0.67577966E+01
  0.20608358E+01  0.67767109E+01
  0.20709582E+01  0.67973733E+01
  0.20810805E+01  0.68196251E+01
  0.20912029E+01  0.68433043E+01
  0.21013252E+01  0.68682484E+01
  0.21114475E+01  0.68942967E+01
  0.21215699E+01  0.69212925E+01
  0.21316922E+01  0.69490857E+01
  0.21418145E+01  0.69775342E+01
  0.21519369E+01  0.70065065E+01
  0.21620592E+01  0.70358833E+01
  0.21721815E+01  0.70655586E+01
  
  0.00000000E+00  0.97234969E+01
  0.10081130E-01  0.97241910E+01
  0.20162259E-01  0.97262692E+01
  0.30243389E-01  0.97297180E+01
  0.40324518E-01  0.97345155E+01
  0.50405648E-01  0.97406309E+01
  0.60486778E-01  0.97480253E+01
  0.70567907E-01  0.97566512E+01
  0.80649037E-01  0.97664537E+01
  0.90730166E-01  0.97773698E+01
  0.10081130E+00  0.97893297E+01
  0.11089243E+00  0.98022566E+01
  0.12097356E+00  0.98160675E+01
  0.13105468E+00  0.98306734E+01
  0.14113581E+00  0.98459800E+01
  0.15121694E+00  0.98618883E+01
  0.16129807E+00  0.98782949E+01
  0.17137920E+00  0.98950927E+01
  0.18146033E+00  0.99121716E+01
  0.19154146E+00  0.99294192E+01
  0.20162259E+00  0.99467211E+01
  0.21170372E+00  0.99639620E+01
  0.22178485E+00  0.99810260E+01
  0.23186598E+00  0.99977977E+01
  0.24194711E+00  0.10014162E+02
  0.25202824E+00  0.10030007E+02
  0.26210937E+00  0.10045223E+02
  0.27219050E+00  0.10059700E+02
  0.28227163E+00  0.10073338E+02
  0.29235276E+00  0.10086036E+02
  0.30243389E+00  0.10097702E+02
  0.31251502E+00  0.10108248E+02
  0.32259615E+00  0.10117592E+02
  0.33267728E+00  0.10125661E+02
  0.34275841E+00  0.10132388E+02
  0.35283954E+00  0.10137715E+02
  0.36292067E+00  0.10141592E+02
  0.37300179E+00  0.10143976E+02
  0.38308292E+00  0.10144836E+02
  0.39316405E+00  0.10144146E+02
  0.40324518E+00  0.10141893E+02
  0.41332631E+00  0.10138070E+02
  0.42340744E+00  0.10132680E+02
  0.43348857E+00  0.10125735E+02
  0.44356970E+00  0.10117253E+02
  0.45365083E+00  0.10107262E+02
  0.46373196E+00  0.10095797E+02
  0.47381309E+00  0.10082899E+02
  0.48389422E+00  0.10068617E+02
  0.49397535E+00  0.10053002E+02
  0.50405648E+00  0.10036115E+02
  0.51413761E+00  0.10018017E+02
  0.52421874E+00  0.99987751E+01
  0.53429987E+00  0.99784574E+01
  0.54438100E+00  0.99571352E+01
  0.55446213E+00  0.99348810E+01
  0.56454326E+00  0.99117681E+01
  0.57462439E+00  0.98878698E+01
  0.58470552E+00  0.98632589E+01
  0.59478665E+00  0.98380072E+01
  0.60486778E+00  0.98121852E+01
  0.61494890E+00  0.97858614E+01
  0.62503003E+00  0.97591020E+01
  0.63511116E+00  0.97319709E+01
  0.64519229E+00  0.97045294E+01
  0.65527342E+00  0.96768360E+01
  0.66535455E+00  0.96489464E+01
  0.67543568E+00  0.96209140E+01
  0.68551681E+00  0.95927894E+01
  0.69559794E+00  0.95646209E+01
  0.70567907E+00  0.95364552E+01
  0.71576020E+00  0.95083371E+01
  0.72584133E+00  0.94803103E+01
  0.73592246E+00  0.94524179E+01
  0.74600359E+00  0.94247028E+01
  0.75608472E+00  0.93972083E+01
  0.76616585E+00  0.93699786E+01
  0.77624698E+00  0.93430595E+01
  0.78632811E+00  0.93164988E+01
  0.79640924E+00  0.92903472E+01
  0.80649037E+00  0.92646583E+01
  0.81657150E+00  0.92394894E+01
  0.82665263E+00  0.92149018E+01
  0.83673376E+00  0.91909609E+01
  0.84681489E+00  0.91677367E+01
  0.85689601E+00  0.91453031E+01
  0.86697714E+00  0.91237386E+01
  0.87705827E+00  0.91031251E+01
  0.88713940E+00  0.90835480E+01
  0.89722053E+00  0.90650948E+01
  0.90730166E+00  0.90478548E+01
  0.91738279E+00  0.90319171E+01
  0.92746392E+00  0.90173699E+01
  0.93754505E+00  0.90042987E+01
  0.94762618E+00  0.89927842E+01
  0.95770731E+00  0.89829014E+01
  0.96778844E+00  0.89747172E+01
  0.97786957E+00  0.89682890E+01
  0.98795070E+00  0.89636631E+01
  0.99803183E+00  0.89608737E+01
  0.10081130E+01  0.89599416E+01
  0.10182353E+01  0.89621407E+01
  0.10283576E+01  0.89687123E+01
  0.10384800E+01  0.89795799E+01
  0.10486023E+01  0.89946204E+01
  0.10587246E+01  0.90136707E+01
  0.10688470E+01  0.90365346E+01
  0.10789693E+01  0.90629919E+01
  0.10890916E+01  0.90928067E+01
  0.10992140E+01  0.91257351E+01
  0.11093363E+01  0.91615328E+01
  0.11194586E+01  0.91999609E+01
  0.11295810E+01  0.92407906E+01
  0.11397033E+01  0.92838064E+01
  0.11498257E+01  0.93288091E+01
  0.11599480E+01  0.93756168E+01
  0.11700703E+01  0.94240657E+01
  0.11801927E+01  0.94740103E+01
  0.11903150E+01  0.95253226E+01
  0.12004373E+01  0.95778916E+01
  0.12105597E+01  0.96316224E+01
  0.12206820E+01  0.96864345E+01
  0.12308043E+01  0.97422611E+01
  0.12409267E+01  0.97990471E+01
  0.12510490E+01  0.98567485E+01
  0.12611713E+01  0.99153302E+01
  0.12712937E+01  0.99747653E+01
  0.12814160E+01  0.10035033E+02
  0.12915384E+01  0.10096120E+02
  0.13016607E+01  0.10158014E+02
  0.13117830E+01  0.10220708E+02
  0.13219054E+01  0.10284197E+02
  0.13320277E+01  0.10348477E+02
  0.13421500E+01  0.10413543E+02
  0.13522724E+01  0.10479392E+02
  0.13623947E+01  0.10546016E+02
  0.13725170E+01  0.10613409E+02
  0.13826394E+01  0.10681560E+02
  0.13927617E+01  0.10750457E+02
  0.14028840E+01  0.10820082E+02
  0.14130064E+01  0.10890416E+02
  0.14231287E+01  0.10961436E+02
  0.14332510E+01  0.11033115E+02
  0.14433734E+01  0.11105422E+02
  0.14534957E+01  0.11155245E+02
  0.14636181E+01  0.11131516E+02
  0.14737404E+01  0.11102829E+02
  0.14838627E+01  0.11069234E+02
  0.14939851E+01  0.11030812E+02
  0.15041074E+01  0.10987663E+02
  0.15142297E+01  0.10939917E+02
  0.15243521E+01  0.10887721E+02
  0.15344744E+01  0.10831247E+02
  0.15445967E+01  0.10770685E+02
  0.15547191E+01  0.10706242E+02
  0.15648414E+01  0.10638144E+02
  0.15749637E+01  0.10566628E+02
  0.15850861E+01  0.10491948E+02
  0.15952084E+01  0.10414366E+02
  0.16053307E+01  0.10334154E+02
  0.16154531E+01  0.10251590E+02
  0.16255754E+01  0.10166959E+02
  0.16356978E+01  0.10080551E+02
  0.16458201E+01  0.99926543E+01
  0.16559424E+01  0.99035612E+01
  0.16660648E+01  0.98135607E+01
  0.16761871E+01  0.97229394E+01
  0.16863094E+01  0.96319796E+01
  0.16964318E+01  0.95409573E+01
  0.17065541E+01  0.94501413E+01
  0.17166764E+01  0.93597917E+01
  0.17267988E+01  0.92701579E+01
  0.17369211E+01  0.91814782E+01
  0.17470434E+01  0.90939779E+01
  0.17571658E+01  0.90078680E+01
  0.17672881E+01  0.89233446E+01
  0.17774105E+01  0.88405872E+01
  0.17875328E+01  0.87597581E+01
  0.17976551E+01  0.86810016E+01
  0.18077775E+01  0.86044427E+01
  0.18178998E+01  0.85301873E+01
  0.18280221E+01  0.84583212E+01
  0.18381445E+01  0.83889099E+01
  0.18482668E+01  0.83219988E+01
  0.18583891E+01  0.82576133E+01
  0.18685115E+01  0.81957588E+01
  0.18786338E+01  0.81364217E+01
  0.18887561E+01  0.80795698E+01
  0.18988785E+01  0.80251532E+01
  0.19090008E+01  0.79731055E+01
  0.19191231E+01  0.79233450E+01
  0.19292455E+01  0.78757760E+01
  0.19393678E+01  0.78302901E+01
  0.19494902E+01  0.77867682E+01
  0.19596125E+01  0.77450818E+01
  0.19697348E+01  0.77050951E+01
  0.19798572E+01  0.76666664E+01
  0.19899795E+01  0.76296506E+01
  0.20001018E+01  0.75939003E+01
  0.20102242E+01  0.75592687E+01
  0.20203465E+01  0.75256107E+01
  0.20304688E+01  0.74927854E+01
  0.20405912E+01  0.74606576E+01
  0.20507135E+01  0.74290999E+01
  0.20608358E+01  0.73979942E+01
  0.20709582E+01  0.73672338E+01
  0.20810805E+01  0.73367242E+01
  0.20912029E+01  0.73063852E+01
  0.21013252E+01  0.72761515E+01
  0.21114475E+01  0.72459743E+01
  0.21215699E+01  0.72158217E+01
  0.21316922E+01  0.71856793E+01
  0.21418145E+01  0.71555510E+01
  0.21519369E+01  0.71254585E+01
  0.21620592E+01  0.70954419E+01
  0.21721815E+01  0.70655586E+01
  
  0.00000000E+00  0.97234969E+01
  0.10081130E-01  0.97241911E+01
  0.20162259E-01  0.97262692E+01
  0.30243389E-01  0.97297180E+01
  0.40324518E-01  0.97345155E+01
  0.50405648E-01  0.97406309E+01
  0.60486778E-01  0.97480253E+01
  0.70567907E-01  0.97566512E+01
  0.80649037E-01  0.97664537E+01
  0.90730166E-01  0.97773698E+01
  0.10081130E+00  0.97893297E+01
  0.11089243E+00  0.98022566E+01
  0.12097356E+00  0.98160675E+01
  0.13105468E+00  0.98306734E+01
  0.14113581E+00  0.98459800E+01
  0.15121694E+00  0.98618883E+01
  0.16129807E+00  0.98782949E+01
  0.17137920E+00  0.98950927E+01
  0.18146033E+00  0.99121716E+01
  0.19154146E+00  0.99294192E+01
  0.20162259E+00  0.99467212E+01
  0.21170372E+00  0.99639620E+01
  0.22178485E+00  0.99810261E+01
  0.23186598E+00  0.99977977E+01
  0.24194711E+00  0.10014162E+02
  0.25202824E+00  0.10030008E+02
  0.26210937E+00  0.10045223E+02
  0.27219050E+00  0.10059700E+02
  0.28227163E+00  0.10073338E+02
  0.29235276E+00  0.10086036E+02
  0.30243389E+00  0.10097702E+02
  0.31251502E+00  0.10108248E+02
  0.32259615E+00  0.10117592E+02
  0.33267728E+00  0.10125661E+02
  0.34275841E+00  0.10132388E+02
  0.35283954E+00  0.10137715E+02
  0.36292067E+00  0.10141592E+02
  0.37300179E+00  0.10143976E+02
  0.38308292E+00  0.10144836E+02
  0.39316405E+00  0.10144146E+02
  0.40324518E+00  0.10141893E+02
  0.41332631E+00  0.10138070E+02
  0.42340744E+00  0.10132680E+02
  0.43348857E+00  0.10125735E+02
  0.44356970E+00  0.10117253E+02
  0.45365083E+00  0.10107262E+02
  0.46373196E+00  0.10095797E+02
  0.47381309E+00  0.10082899E+02
  0.48389422E+00  0.10068617E+02
  0.49397535E+00  0.10053002E+02
  0.50405648E+00  0.10036115E+02
  0.51413761E+00  0.10018017E+02
  0.52421874E+00  0.99987751E+01
  0.53429987E+00  0.99784574E+01
  0.54438100E+00  0.99571352E+01
  0.55446213E+00  0.99348810E+01
  0.56454326E+00  0.99117681E+01
  0.57462439E+00  0.98878698E+01
  0.58470552E+00  0.98632589E+01
  0.59478665E+00  0.98380072E+01
  0.60486778E+00  0.98121852E+01
  0.61494890E+00  0.97858614E+01
  0.62503003E+00  0.97591020E+01
  0.63511116E+00  0.97319709E+01
  0.64519229E+00  0.97045294E+01
  0.65527342E+00  0.96768360E+01
  0.66535455E+00  0.96489465E+01
  0.67543568E+00  0.96209140E+01
  0.68551681E+00  0.95927894E+01
  0.69559794E+00  0.95646210E+01
  0.70567907E+00  0.95364552E+01
  0.71576020E+00  0.95083371E+01
  0.72584133E+00  0.94803103E+01
  0.73592246E+00  0.94524180E+01
  0.74600359E+00  0.94247029E+01
  0.75608472E+00  0.93972083E+01
  0.76616585E+00  0.93699786E+01
  0.77624698E+00  0.93430595E+01
  0.78632811E+00  0.93164988E+01
  0.79640924E+00  0.92903472E+01
  0.80649037E+00  0.92646583E+01
  0.81657150E+00  0.92394894E+01
  0.82665263E+00  0.92149018E+01
  0.83673376E+00  0.91909609E+01
  0.84681489E+00  0.91677367E+01
  0.85689601E+00  0.91453031E+01
  0.86697714E+00  0.91237386E+01
  0.87705827E+00  0.91134531E+01
  0.88713940E+00  0.91053101E+01
  0.89722053E+00  0.90947870E+01
  0.90730166E+00  0.90820915E+01
  0.91738279E+00  0.90675702E+01
  0.92746392E+00  0.90517122E+01
  0.93754505E+00  0.90351350E+01
  0.94762618E+00  0.90185560E+01
  0.95770731E+00  0.90027496E+01
  0.96778844E+00  0.89884969E+01
  0.97786957E+00  0.89765314E+01
  0.98795070E+00  0.89674875E+01
  0.99803183E+00  0.89618546E+01
  0.10081130E+01  0.89599417E+01
  0.10182353E+01  0.89621408E+01
  0.10283576E+01  0.89687124E+01
  0.10384800E+01  0.89795799E+01
  0.10486023E+01  0.89946205E+01
  0.10587246E+01  0.90136707E+01
  0.10688470E+01  0.90365347E+01
  0.10789693E+01  0.90629920E+01
  0.10890916E+01  0.90928068E+01
  0.10992140E+01  0.91257352E+01
  0.11093363E+01  0.91615329E+01
  0.11194586E+01  0.91999610E+01
  0.11295810E+01  0.92407906E+01
  0.11397033E+01  0.92838065E+01
  0.11498257E+01  0.93288092E+01
  0.11599480E+01  0.93756169E+01
  0.11700703E+01  0.94240658E+01
  0.11801927E+01  0.94740104E+01
  0.11903150E+01  0.95253226E+01
  0.12004373E+01  0.95778917E+01
  0.12105597E+01  0.96316225E+01
  0.12206820E+01  0.96864346E+01
  0.12308043E+01  0.97422611E+01
  0.12409267E+01  0.97990472E+01
  0.12510490E+01  0.98567485E+01
  0.12611713E+01  0.99153302E+01
  0.12712937E+01  0.99747653E+01
  0.12814160E+01  0.10035034E+02
  0.12915384E+01  0.10096120E+02
  0.13016607E+01  0.10158014E+02
  0.13117830E+01  0.10220708E+02
  0.13219054E+01  0.10284197E+02
  0.13320277E+01  0.10348477E+02
  0.13421500E+01  0.10413543E+02
  0.13522724E+01  0.10479392E+02
  0.13623947E+01  0.10546016E+02
  0.13725170E+01  0.10613409E+02
  0.13826394E+01  0.10681560E+02
  0.13927617E+01  0.10750457E+02
  0.14028840E+01  0.10820082E+02
  0.14130064E+01  0.10890416E+02
  0.14231287E+01  0.10961436E+02
  0.14332510E+01  0.11033115E+02
  0.14433734E+01  0.11105422E+02
  0.14534957E+01  0.11178324E+02
  0.14636181E+01  0.11251782E+02
  0.14737404E+01  0.11325759E+02
  0.14838627E+01  0.11400211E+02
  0.14939851E+01  0.11475096E+02
  0.15041074E+01  0.11550370E+02
  0.15142297E+01  0.11625988E+02
  0.15243521E+01  0.11701907E+02
  0.15344744E+01  0.11778085E+02
  0.15445967E+01  0.11854483E+02
  0.15547191E+01  0.11931064E+02
  0.15648414E+01  0.12007798E+02
  0.15749637E+01  0.12084659E+02
  0.15850861E+01  0.12161625E+02
  0.15952084E+01  0.12238684E+02
  0.16053307E+01  0.12315831E+02
  0.16154531E+01  0.12393068E+02
  0.16255754E+01  0.12470407E+02
  0.16356978E+01  0.12547868E+02
  0.16458201E+01  0.12625481E+02
  0.16559424E+01  0.12703283E+02
  0.16660648E+01  0.12781324E+02
  0.16761871E+01  0.12859658E+02
  0.16863094E+01  0.12938349E+02
  0.16964318E+01  0.13017469E+02
  0.17065541E+01  0.13097093E+02
  0.17166764E+01  0.13177303E+02
  0.17267988E+01  0.13258183E+02
  0.17369211E+01  0.13339820E+02
  0.17470434E+01  0.13422298E+02
  0.17571658E+01  0.13505702E+02
  0.17672881E+01  0.13590110E+02
  0.17774105E+01  0.13675596E+02
  0.17875328E+01  0.13762223E+02
  0.17976551E+01  0.13850045E+02
  0.18077775E+01  0.13939103E+02
  0.18178998E+01  0.14029423E+02
  0.18280221E+01  0.14121012E+02
  0.18381445E+01  0.14213859E+02
  0.18482668E+01  0.14307933E+02
  0.18583891E+01  0.14403180E+02
  0.18685115E+01  0.14499521E+02
  0.18786338E+01  0.14596854E+02
  0.18887561E+01  0.14695049E+02
  0.18988785E+01  0.14793951E+02
  0.19090008E+01  0.14893379E+02
  0.19191231E+01  0.14993124E+02
  0.19292455E+01  0.15092952E+02
  0.19393678E+01  0.15192606E+02
  0.19494902E+01  0.15291801E+02
  0.19596125E+01  0.15390235E+02
  0.19697348E+01  0.15487580E+02
  0.19798572E+01  0.15583496E+02
  0.19899795E+01  0.15677624E+02
  0.20001018E+01  0.15769594E+02
  0.20102242E+01  0.15859025E+02
  0.20203465E+01  0.15945532E+02
  0.20304688E+01  0.16028728E+02
  0.20405912E+01  0.16108226E+02
  0.20507135E+01  0.16183644E+02
  0.20608358E+01  0.16254609E+02
  0.20709582E+01  0.16320763E+02
  0.20810805E+01  0.16381761E+02
  0.20912029E+01  0.16437281E+02
  0.21013252E+01  0.16487023E+02
  0.21114475E+01  0.16530714E+02
  0.21215699E+01  0.16568111E+02
  0.21316922E+01  0.16599004E+02
  0.21418145E+01  0.16623218E+02
  0.21519369E+01  0.16640614E+02
  0.21620592E+01  0.16651092E+02
  0.21721815E+01  0.16654592E+02
  
  0.00000000E+00  0.14141370E+02
  0.10081130E-01  0.14142054E+02
  0.20162259E-01  0.14144101E+02
  0.30243389E-01  0.14147488E+02
  0.40324518E-01  0.14152179E+02
  0.50405648E-01  0.14158122E+02
  0.60486778E-01  0.14165255E+02
  0.70567907E-01  0.14173501E+02
  0.80649037E-01  0.14182772E+02
  0.90730166E-01  0.14192967E+02
  0.10081130E+00  0.14203978E+02
  0.11089243E+00  0.14215685E+02
  0.12097356E+00  0.14227962E+02
  0.13105468E+00  0.14240674E+02
  0.14113581E+00  0.14253682E+02
  0.15121694E+00  0.14266840E+02
  0.16129807E+00  0.14279998E+02
  0.17137920E+00  0.14293001E+02
  0.18146033E+00  0.14305693E+02
  0.19154146E+00  0.14317914E+02
  0.20162259E+00  0.14329505E+02
  0.21170372E+00  0.14340302E+02
  0.22178485E+00  0.14350144E+02
  0.23186598E+00  0.14358867E+02
  0.24194711E+00  0.14366310E+02
  0.25202824E+00  0.14372310E+02
  0.26210937E+00  0.14376709E+02
  0.27219050E+00  0.14379348E+02
  0.28227163E+00  0.14380072E+02
  0.29235276E+00  0.14378729E+02
  0.30243389E+00  0.14375170E+02
  0.31251502E+00  0.14369251E+02
  0.32259615E+00  0.14360832E+02
  0.33267728E+00  0.14349780E+02
  0.34275841E+00  0.14335967E+02
  0.35283954E+00  0.14319274E+02
  0.36292067E+00  0.14299588E+02
  0.37300179E+00  0.14276805E+02
  0.38308292E+00  0.14250831E+02
  0.39316405E+00  0.14221582E+02
  0.40324518E+00  0.14188983E+02
  0.41332631E+00  0.14152972E+02
  0.42340744E+00  0.14113500E+02
  0.43348857E+00  0.14070527E+02
  0.44356970E+00  0.14024028E+02
  0.45365083E+00  0.13973994E+02
  0.46373196E+00  0.13920425E+02
  0.47381309E+00  0.13863338E+02
  0.48389422E+00  0.13802764E+02
  0.49397535E+00  0.13738749E+02
  0.50405648E+00  0.13671352E+02
  0.51413761E+00  0.13600647E+02
  0.52421874E+00  0.13526724E+02
  0.53429987E+00  0.13449683E+02
  0.54438100E+00  0.13369643E+02
  0.55446213E+00  0.13286732E+02
  0.56454326E+00  0.13201092E+02
  0.57462439E+00  0.13112879E+02
  0.58470552E+00  0.13022258E+02
  0.59478665E+00  0.12929404E+02
  0.60486778E+00  0.12834505E+02
  0.61494890E+00  0.12737755E+02
  0.62503003E+00  0.12639357E+02
  0.63511116E+00  0.12539519E+02
  0.64519229E+00  0.12438456E+02
  0.65527342E+00  0.12336389E+02
  0.66535455E+00  0.12233540E+02
  0.67543568E+00  0.12130135E+02
  0.68551681E+00  0.12026402E+02
  0.69559794E+00  0.11922571E+02
  0.70567907E+00  0.11818872E+02
  0.71576020E+00  0.11715536E+02
  0.72584133E+00  0.11612795E+02
  0.73592246E+00  0.11510881E+02
  0.74600359E+00  0.11410031E+02
  0.75608472E+00  0.11310480E+02
  0.76616585E+00  0.11212473E+02
  0.77624698E+00  0.11116258E+02
  0.78632811E+00  0.11022091E+02
  0.79640924E+00  0.10930241E+02
  0.80649037E+00  0.10840987E+02
  0.81657150E+00  0.10754626E+02
  0.82665263E+00  0.10671468E+02
  0.83673376E+00  0.10591838E+02
  0.84681489E+00  0.10516072E+02
  0.85689601E+00  0.10444512E+02
  0.86697714E+00  0.10377490E+02
  0.87705827E+00  0.10315319E+02
  0.88713940E+00  0.10258265E+02
  0.89722053E+00  0.10206532E+02
  0.90730166E+00  0.10160237E+02
  0.91738279E+00  0.10119397E+02
  0.92746392E+00  0.10083927E+02
  0.93754505E+00  0.10053645E+02
  0.94762618E+00  0.10028293E+02
  0.95770731E+00  0.10007568E+02
  0.96778844E+00  0.99911522E+01
  0.97786957E+00  0.99787436E+01
  0.98795070E+00  0.99700818E+01
  0.99803183E+00  0.99649677E+01
  0.10081130E+01  0.99632772E+01
  0.10182353E+01  0.99649773E+01
  0.10283576E+01  0.99700690E+01
  0.10384800E+01  0.99785265E+01
  0.10486023E+01  0.99903077E+01
  0.10587246E+01  0.10005355E+02
  0.10688470E+01  0.10023597E+02
  0.10789693E+01  0.10044948E+02
  0.10890916E+01  0.10069312E+02
  0.10992140E+01  0.10096580E+02
  0.11093363E+01  0.10126629E+02
  0.11194586E+01  0.10159328E+02
  0.11295810E+01  0.10194528E+02
  0.11397033E+01  0.10232071E+02
  0.11498257E+01  0.10271780E+02
  0.11599480E+01  0.10313466E+02
  0.11700703E+01  0.10356921E+02
  0.11801927E+01  0.10401923E+02
  0.11903150E+01  0.10448233E+02
  0.12004373E+01  0.10495595E+02
  0.12105597E+01  0.10543741E+02
  0.12206820E+01  0.10592385E+02
  0.12308043E+01  0.10641233E+02
  0.12409267E+01  0.10689977E+02
  0.12510490E+01  0.10738302E+02
  0.12611713E+01  0.10785886E+02
  0.12712937E+01  0.10832402E+02
  0.12814160E+01  0.10877524E+02
  0.12915384E+01  0.10920924E+02
  0.13016607E+01  0.10962279E+02
  0.13117830E+01  0.11001271E+02
  0.13219054E+01  0.11037592E+02
  0.13320277E+01  0.11070943E+02
  0.13421500E+01  0.11101040E+02
  0.13522724E+01  0.11127613E+02
  0.13623947E+01  0.11150412E+02
  0.13725170E+01  0.11169205E+02
  0.13826394E+01  0.11183782E+02
  0.13927617E+01  0.11193955E+02
  0.14028840E+01  0.11199563E+02
  0.14130064E+01  0.11200467E+02
  0.14231287E+01  0.11196558E+02
  0.14332510E+01  0.11187751E+02
  0.14433734E+01  0.11173990E+02
  0.14534957E+01  0.11178324E+02
  0.14636181E+01  0.11251782E+02
  0.14737404E+01  0.11325759E+02
  0.14838627E+01  0.11400211E+02
  0.14939851E+01  0.11475096E+02
  0.15041074E+01  0.11550370E+02
  0.15142297E+01  0.11625988E+02
  0.15243521E+01  0.11701907E+02
  0.15344744E+01  0.11778085E+02
  0.15445967E+01  0.11854483E+02
  0.15547191E+01  0.11931064E+02
  0.15648414E+01  0.12007798E+02
  0.15749637E+01  0.12084659E+02
  0.15850861E+01  0.12161625E+02
  0.15952084E+01  0.12238684E+02
  0.16053307E+01  0.12315831E+02
  0.16154531E+01  0.12393068E+02
  0.16255754E+01  0.12470407E+02
  0.16356978E+01  0.12547868E+02
  0.16458201E+01  0.12625481E+02
  0.16559424E+01  0.12703283E+02
  0.16660648E+01  0.12781324E+02
  0.16761871E+01  0.12859658E+02
  0.16863094E+01  0.12938349E+02
  0.16964318E+01  0.13017469E+02
  0.17065541E+01  0.13097093E+02
  0.17166764E+01  0.13177303E+02
  0.17267988E+01  0.13258183E+02
  0.17369211E+01  0.13339820E+02
  0.17470434E+01  0.13422298E+02
  0.17571658E+01  0.13505702E+02
  0.17672881E+01  0.13590110E+02
  0.17774105E+01  0.13675596E+02
  0.17875328E+01  0.13762223E+02
  0.17976551E+01  0.13850045E+02
  0.18077775E+01  0.13939104E+02
  0.18178998E+01  0.14029423E+02
  0.18280221E+01  0.14121012E+02
  0.18381445E+01  0.14213859E+02
  0.18482668E+01  0.14307933E+02
  0.18583891E+01  0.14403180E+02
  0.18685115E+01  0.14499521E+02
  0.18786338E+01  0.14596854E+02
  0.18887561E+01  0.14695049E+02
  0.18988785E+01  0.14793951E+02
  0.19090008E+01  0.14893379E+02
  0.19191231E+01  0.14993124E+02
  0.19292455E+01  0.15092952E+02
  0.19393678E+01  0.15192606E+02
  0.19494902E+01  0.15291801E+02
  0.19596125E+01  0.15390235E+02
  0.19697348E+01  0.15487581E+02
  0.19798572E+01  0.15583496E+02
  0.19899795E+01  0.15677624E+02
  0.20001018E+01  0.15769594E+02
  0.20102242E+01  0.15859025E+02
  0.20203465E+01  0.15945532E+02
  0.20304688E+01  0.16028728E+02
  0.20405912E+01  0.16108226E+02
  0.20507135E+01  0.16183644E+02
  0.20608358E+01  0.16254609E+02
  0.20709582E+01  0.16320763E+02
  0.20810805E+01  0.16381761E+02
  0.20912029E+01  0.16437281E+02
  0.21013252E+01  0.16487023E+02
  0.21114475E+01  0.16530714E+02
  0.21215699E+01  0.16568111E+02
  0.21316922E+01  0.16599004E+02
  0.21418145E+01  0.16623218E+02
  0.21519369E+01  0.16640614E+02
  0.21620592E+01  0.16651092E+02
  0.21721815E+01  0.16654592E+02
  
